persistence intervals in dim 0:
 [0,2.43876e-05)
 [0,5.70197e-05)
 [0,8.77944e-05)
 [0,0.000131337)
 [0,0.000140563)
 [0,0.000140734)
 [0,0.000150703)
 [0,0.00015319)
 [0,0.000162817)
 [0,0.000165406)
 [0,0.000166659)
 [0,0.000177217)
 [0,0.000189326)
 [0,0.000213569)
 [0,0.000223396)
 [0,0.000223454)
 [0,0.000223473)
 [0,0.000224417)
 [0,0.000227437)
 [0,0.000229103)
 [0,0.000231474)
 [0,0.000234605)
 [0,0.000234637)
 [0,0.00023912)
 [0,0.000246314)
 [0,0.000251673)
 [0,0.000258224)
 [0,0.000260781)
 [0,0.000268129)
 [0,0.000269407)
 [0,0.000283742)
 [0,0.000315191)
 [0,0.000317992)
 [0,0.000321242)
 [0,0.000321671)
 [0,0.000326338)
 [0,0.0003283)
 [0,0.000330405)
 [0,0.000333124)
 [0,0.000333839)
 [0,0.000335784)
 [0,0.00033717)
 [0,0.000337427)
 [0,0.000337797)
 [0,0.00033924)
 [0,0.000339781)
 [0,0.000341856)
 [0,0.000342322)
 [0,0.000343409)
 [0,0.000343416)
 [0,0.000343975)
 [0,0.000346464)
 [0,0.00034694)
 [0,0.000355413)
 [0,0.000357136)
 [0,0.000361239)
 [0,0.000361448)
 [0,0.000367015)
 [0,0.000368296)
 [0,0.000369433)
 [0,0.000373878)
 [0,0.000376957)
 [0,0.000379391)
 [0,0.000381765)
 [0,0.000383021)
 [0,0.000391806)
 [0,0.000392515)
 [0,0.000396588)
 [0,0.000397258)
 [0,0.000397586)
 [0,0.000397759)
 [0,0.000399236)
 [0,0.000400373)
 [0,0.000400596)
 [0,0.000401041)
 [0,0.000401492)
 [0,0.000402523)
 [0,0.000405893)
 [0,0.000408167)
 [0,0.000408422)
 [0,0.00041035)
 [0,0.000411366)
 [0,0.000412347)
 [0,0.000419683)
 [0,0.000421031)
 [0,0.00042563)
 [0,0.000427775)
 [0,0.00042828)
 [0,0.000428523)
 [0,0.000440745)
 [0,0.000441436)
 [0,0.000444569)
 [0,0.000450553)
 [0,0.000453128)
 [0,0.000459123)
 [0,0.00046235)
 [0,0.000462881)
 [0,0.000463737)
 [0,0.00046943)
 [0,0.000472888)
 [0,0.000474648)
 [0,0.000476004)
 [0,0.000476711)
 [0,0.000477582)
 [0,0.000479447)
 [0,0.000483034)
 [0,0.000483581)
 [0,0.000485531)
 [0,0.000486147)
 [0,0.000489593)
 [0,0.000493272)
 [0,0.000498444)
 [0,0.000504027)
 [0,0.000507092)
 [0,0.000507983)
 [0,0.00051163)
 [0,0.000513253)
 [0,0.000514709)
 [0,0.00051659)
 [0,0.000522431)
 [0,0.000526788)
 [0,0.000534288)
 [0,0.000541502)
 [0,0.000543556)
 [0,0.000543882)
 [0,0.000544046)
 [0,0.000548202)
 [0,0.000548638)
 [0,0.000551465)
 [0,0.000554115)
 [0,0.000558491)
 [0,0.000558788)
 [0,0.000558891)
 [0,0.000559337)
 [0,0.000567445)
 [0,0.000569159)
 [0,0.000570067)
 [0,0.000573171)
 [0,0.000573269)
 [0,0.000573623)
 [0,0.000574726)
 [0,0.00058028)
 [0,0.000585586)
 [0,0.000588157)
 [0,0.00059251)
 [0,0.000594892)
 [0,0.000600253)
 [0,0.000604003)
 [0,0.000604776)
 [0,0.000605395)
 [0,0.000609854)
 [0,0.000616477)
 [0,0.000618392)
 [0,0.000619791)
 [0,0.000622697)
 [0,0.000623157)
 [0,0.000624007)
 [0,0.000624979)
 [0,0.000626103)
 [0,0.000627294)
 [0,0.000628761)
 [0,0.000632383)
 [0,0.000641753)
 [0,0.000647273)
 [0,0.000648853)
 [0,0.000655015)
 [0,0.00065757)
 [0,0.000662338)
 [0,0.00066374)
 [0,0.000663991)
 [0,0.000665053)
 [0,0.000669675)
 [0,0.000670607)
 [0,0.000673333)
 [0,0.00067355)
 [0,0.000675508)
 [0,0.000675635)
 [0,0.000675664)
 [0,0.00067759)
 [0,0.000678164)
 [0,0.000678204)
 [0,0.000683911)
 [0,0.000684239)
 [0,0.000685506)
 [0,0.000692647)
 [0,0.000692945)
 [0,0.0006937)
 [0,0.000694175)
 [0,0.000696626)
 [0,0.000699801)
 [0,0.000700623)
 [0,0.000703422)
 [0,0.000703719)
 [0,0.000704088)
 [0,0.000705957)
 [0,0.00070809)
 [0,0.00070884)
 [0,0.000710314)
 [0,0.000712347)
 [0,0.00071276)
 [0,0.000714844)
 [0,0.000716642)
 [0,0.000720407)
 [0,0.000721637)
 [0,0.000723869)
 [0,0.000725081)
 [0,0.000726074)
 [0,0.000727846)
 [0,0.00072945)
 [0,0.000729811)
 [0,0.000730883)
 [0,0.000733422)
 [0,0.000735539)
 [0,0.000736242)
 [0,0.000741688)
 [0,0.000741924)
 [0,0.000742219)
 [0,0.00074453)
 [0,0.000746533)
 [0,0.00075017)
 [0,0.000752489)
 [0,0.000753261)
 [0,0.000754627)
 [0,0.000757026)
 [0,0.000758338)
 [0,0.000763054)
 [0,0.000764372)
 [0,0.00076515)
 [0,0.00076705)
 [0,0.000767554)
 [0,0.000767711)
 [0,0.000772812)
 [0,0.000774244)
 [0,0.000778682)
 [0,0.000781127)
 [0,0.000787962)
 [0,0.000789636)
 [0,0.000789984)
 [0,0.000790367)
 [0,0.00079119)
 [0,0.000791438)
 [0,0.000794548)
 [0,0.000794849)
 [0,0.000801395)
 [0,0.000804387)
 [0,0.000805811)
 [0,0.000813646)
 [0,0.000813996)
 [0,0.000814583)
 [0,0.000814858)
 [0,0.000817696)
 [0,0.000818505)
 [0,0.000821696)
 [0,0.000823455)
 [0,0.000826059)
 [0,0.000827031)
 [0,0.000831003)
 [0,0.000834615)
 [0,0.000842012)
 [0,0.000843022)
 [0,0.0008434)
 [0,0.000843687)
 [0,0.000844222)
 [0,0.000849736)
 [0,0.000850277)
 [0,0.000852351)
 [0,0.000853958)
 [0,0.000854656)
 [0,0.000854657)
 [0,0.000855738)
 [0,0.000855849)
 [0,0.000857196)
 [0,0.00085804)
 [0,0.000858242)
 [0,0.000858383)
 [0,0.000859759)
 [0,0.000860647)
 [0,0.000861317)
 [0,0.000861426)
 [0,0.0008633)
 [0,0.000863413)
 [0,0.000872717)
 [0,0.000874386)
 [0,0.000874784)
 [0,0.000876821)
 [0,0.000879995)
 [0,0.000880964)
 [0,0.0008829)
 [0,0.000883501)
 [0,0.000883535)
 [0,0.000884579)
 [0,0.0008854)
 [0,0.000887977)
 [0,0.000889615)
 [0,0.000890248)
 [0,0.000893487)
 [0,0.000894318)
 [0,0.000896)
 [0,0.000897951)
 [0,0.000898174)
 [0,0.000899605)
 [0,0.000900257)
 [0,0.000901879)
 [0,0.000902448)
 [0,0.000908076)
 [0,0.000909316)
 [0,0.000911285)
 [0,0.000912262)
 [0,0.000913786)
 [0,0.000914009)
 [0,0.000914973)
 [0,0.000915443)
 [0,0.000917972)
 [0,0.000919271)
 [0,0.000923032)
 [0,0.000923826)
 [0,0.000923832)
 [0,0.000924101)
 [0,0.000925267)
 [0,0.000927295)
 [0,0.000927932)
 [0,0.000932415)
 [0,0.000933613)
 [0,0.000935769)
 [0,0.000939014)
 [0,0.000940453)
 [0,0.000942034)
 [0,0.000942213)
 [0,0.000943619)
 [0,0.000944675)
 [0,0.000946527)
 [0,0.000948974)
 [0,0.000949153)
 [0,0.00095195)
 [0,0.000952982)
 [0,0.000953952)
 [0,0.000957753)
 [0,0.000958001)
 [0,0.000961622)
 [0,0.000964195)
 [0,0.000964936)
 [0,0.000964983)
 [0,0.000970485)
 [0,0.000973307)
 [0,0.000976226)
 [0,0.000976509)
 [0,0.000976696)
 [0,0.000977652)
 [0,0.000978094)
 [0,0.00098579)
 [0,0.000990453)
 [0,0.000992367)
 [0,0.000992759)
 [0,0.00099398)
 [0,0.00100241)
 [0,0.00100367)
 [0,0.00100684)
 [0,0.00100959)
 [0,0.00101017)
 [0,0.00101037)
 [0,0.00101067)
 [0,0.0010125)
 [0,0.00101537)
 [0,0.00101639)
 [0,0.00101729)
 [0,0.00101901)
 [0,0.00102054)
 [0,0.00102085)
 [0,0.00102229)
 [0,0.00102243)
 [0,0.00102645)
 [0,0.00102763)
 [0,0.00103051)
 [0,0.00103174)
 [0,0.00103244)
 [0,0.00103424)
 [0,0.00103726)
 [0,0.0010419)
 [0,0.00104502)
 [0,0.00104683)
 [0,0.00104989)
 [0,0.00105007)
 [0,0.00105029)
 [0,0.0010518)
 [0,0.00105906)
 [0,0.00105925)
 [0,0.00106235)
 [0,0.00106352)
 [0,0.00106422)
 [0,0.00106503)
 [0,0.00106612)
 [0,0.00106698)
 [0,0.00107297)
 [0,0.00107638)
 [0,0.00107639)
 [0,0.00107936)
 [0,0.00108136)
 [0,0.00108305)
 [0,0.00108687)
 [0,0.00108874)
 [0,0.00108893)
 [0,0.00109076)
 [0,0.00109127)
 [0,0.00109395)
 [0,0.00109463)
 [0,0.00109544)
 [0,0.00109753)
 [0,0.00109757)
 [0,0.00109833)
 [0,0.00110099)
 [0,0.00110201)
 [0,0.0011036)
 [0,0.00110634)
 [0,0.0011064)
 [0,0.00110703)
 [0,0.00110867)
 [0,0.00110873)
 [0,0.00111343)
 [0,0.0011135)
 [0,0.00111832)
 [0,0.00111946)
 [0,0.00112196)
 [0,0.00112255)
 [0,0.0011253)
 [0,0.0011259)
 [0,0.00112756)
 [0,0.00113277)
 [0,0.00113383)
 [0,0.00113588)
 [0,0.00113617)
 [0,0.00113626)
 [0,0.00114128)
 [0,0.00114199)
 [0,0.00114281)
 [0,0.00114316)
 [0,0.00114831)
 [0,0.00115146)
 [0,0.00115216)
 [0,0.00115231)
 [0,0.00115241)
 [0,0.00115614)
 [0,0.00115673)
 [0,0.00115875)
 [0,0.00116258)
 [0,0.00116261)
 [0,0.00116463)
 [0,0.00116501)
 [0,0.00116825)
 [0,0.00117219)
 [0,0.00117257)
 [0,0.00117294)
 [0,0.00117394)
 [0,0.00117689)
 [0,0.00117794)
 [0,0.00117841)
 [0,0.00118032)
 [0,0.00118035)
 [0,0.00118482)
 [0,0.00118543)
 [0,0.00118855)
 [0,0.00119008)
 [0,0.0011928)
 [0,0.00119485)
 [0,0.00119688)
 [0,0.00119769)
 [0,0.00119816)
 [0,0.00119819)
 [0,0.00119836)
 [0,0.00120009)
 [0,0.00120017)
 [0,0.00120058)
 [0,0.00120069)
 [0,0.00120187)
 [0,0.00120286)
 [0,0.00120393)
 [0,0.00120457)
 [0,0.00120586)
 [0,0.00120703)
 [0,0.00121263)
 [0,0.00121382)
 [0,0.00121711)
 [0,0.0012181)
 [0,0.00122086)
 [0,0.00122256)
 [0,0.00122328)
 [0,0.00122777)
 [0,0.00123132)
 [0,0.0012339)
 [0,0.00123528)
 [0,0.00123583)
 [0,0.00123587)
 [0,0.00123732)
 [0,0.00123933)
 [0,0.00123955)
 [0,0.00124006)
 [0,0.00124339)
 [0,0.00124488)
 [0,0.00125193)
 [0,0.00125239)
 [0,0.00125346)
 [0,0.00125637)
 [0,0.00125652)
 [0,0.00125685)
 [0,0.00125719)
 [0,0.00125883)
 [0,0.00125912)
 [0,0.00126327)
 [0,0.00126641)
 [0,0.00126802)
 [0,0.00126852)
 [0,0.00127016)
 [0,0.00127177)
 [0,0.00127304)
 [0,0.00127344)
 [0,0.00127476)
 [0,0.00127497)
 [0,0.00127644)
 [0,0.00128162)
 [0,0.00128375)
 [0,0.00128429)
 [0,0.00128431)
 [0,0.00128866)
 [0,0.00129094)
 [0,0.00129306)
 [0,0.00129504)
 [0,0.00129581)
 [0,0.0012973)
 [0,0.00129872)
 [0,0.00129963)
 [0,0.00129989)
 [0,0.00130022)
 [0,0.00130181)
 [0,0.00130817)
 [0,0.00130981)
 [0,0.00131291)
 [0,0.00131552)
 [0,0.00131836)
 [0,0.00131904)
 [0,0.00132021)
 [0,0.00132341)
 [0,0.00132448)
 [0,0.00132691)
 [0,0.00133023)
 [0,0.00133187)
 [0,0.00133215)
 [0,0.00133395)
 [0,0.00133486)
 [0,0.00133787)
 [0,0.00134383)
 [0,0.00134606)
 [0,0.00134957)
 [0,0.00134989)
 [0,0.0013517)
 [0,0.00135416)
 [0,0.00135567)
 [0,0.00135964)
 [0,0.00136255)
 [0,0.00136358)
 [0,0.00137051)
 [0,0.00137641)
 [0,0.00137665)
 [0,0.00137696)
 [0,0.00138013)
 [0,0.00138627)
 [0,0.00138633)
 [0,0.00139169)
 [0,0.00139332)
 [0,0.00140063)
 [0,0.00140369)
 [0,0.00140862)
 [0,0.00141036)
 [0,0.00141049)
 [0,0.00141122)
 [0,0.0014147)
 [0,0.00141542)
 [0,0.00141872)
 [0,0.00142194)
 [0,0.00143032)
 [0,0.0014315)
 [0,0.00143543)
 [0,0.00143791)
 [0,0.00143819)
 [0,0.00144009)
 [0,0.00144152)
 [0,0.00144501)
 [0,0.00145032)
 [0,0.00145074)
 [0,0.00145118)
 [0,0.00145509)
 [0,0.00145584)
 [0,0.00145706)
 [0,0.00145866)
 [0,0.00145979)
 [0,0.00146121)
 [0,0.00146488)
 [0,0.00146904)
 [0,0.00147066)
 [0,0.00147159)
 [0,0.00147422)
 [0,0.00147444)
 [0,0.00147474)
 [0,0.00147758)
 [0,0.00147963)
 [0,0.00148566)
 [0,0.00148636)
 [0,0.00148881)
 [0,0.001489)
 [0,0.00148996)
 [0,0.00150495)
 [0,0.00151166)
 [0,0.00151365)
 [0,0.00152144)
 [0,0.00152325)
 [0,0.00152949)
 [0,0.0015344)
 [0,0.00154569)
 [0,0.00155137)
 [0,0.0015581)
 [0,0.00156526)
 [0,0.00156545)
 [0,0.00156561)
 [0,0.00156595)
 [0,0.00157369)
 [0,0.0015767)
 [0,0.00157943)
 [0,0.00158287)
 [0,0.00158456)
 [0,0.00158648)
 [0,0.00158992)
 [0,0.00159569)
 [0,0.00160355)
 [0,0.00160363)
 [0,0.00160503)
 [0,0.00160763)
 [0,0.00160795)
 [0,0.00160865)
 [0,0.00161043)
 [0,0.00161485)
 [0,0.00161587)
 [0,0.00162409)
 [0,0.00162602)
 [0,0.00163276)
 [0,0.00163532)
 [0,0.00163611)
 [0,0.00163892)
 [0,0.00164489)
 [0,0.00165475)
 [0,0.0016564)
 [0,0.00165809)
 [0,0.00166961)
 [0,0.00167272)
 [0,0.00167294)
 [0,0.00167495)
 [0,0.00167674)
 [0,0.00167708)
 [0,0.00168043)
 [0,0.00169448)
 [0,0.00170044)
 [0,0.00170652)
 [0,0.00171133)
 [0,0.00171378)
 [0,0.00172489)
 [0,0.00173785)
 [0,0.00173903)
 [0,0.00173936)
 [0,0.0017411)
 [0,0.00174793)
 [0,0.00174941)
 [0,0.00175057)
 [0,0.0017582)
 [0,0.00176153)
 [0,0.0017642)
 [0,0.00177035)
 [0,0.00177585)
 [0,0.00178211)
 [0,0.00179052)
 [0,0.00179526)
 [0,0.00179787)
 [0,0.00180465)
 [0,0.00180654)
 [0,0.00180909)
 [0,0.00181187)
 [0,0.0018125)
 [0,0.00181439)
 [0,0.00181734)
 [0,0.00182047)
 [0,0.00182181)
 [0,0.00182274)
 [0,0.00182285)
 [0,0.00182856)
 [0,0.00183003)
 [0,0.00183119)
 [0,0.00183436)
 [0,0.00183493)
 [0,0.0018416)
 [0,0.00184231)
 [0,0.00184719)
 [0,0.00184908)
 [0,0.00185462)
 [0,0.00186266)
 [0,0.00186316)
 [0,0.00187094)
 [0,0.00187407)
 [0,0.00187441)
 [0,0.00187532)
 [0,0.00189911)
 [0,0.00190102)
 [0,0.00190192)
 [0,0.00190379)
 [0,0.00190432)
 [0,0.00191967)
 [0,0.00192067)
 [0,0.001927)
 [0,0.00193243)
 [0,0.00193705)
 [0,0.00193951)
 [0,0.00194266)
 [0,0.00194267)
 [0,0.00194278)
 [0,0.00194593)
 [0,0.00195964)
 [0,0.00196401)
 [0,0.00197358)
 [0,0.00197701)
 [0,0.00197814)
 [0,0.00198017)
 [0,0.00198362)
 [0,0.00198644)
 [0,0.00199862)
 [0,0.00199876)
 [0,0.00199878)
 [0,0.00200667)
 [0,0.00201656)
 [0,0.00202542)
 [0,0.00204761)
 [0,0.00205536)
 [0,0.00207444)
 [0,0.0020758)
 [0,0.00208278)
 [0,0.00208438)
 [0,0.00208509)
 [0,0.00209782)
 [0,0.002105)
 [0,0.00210571)
 [0,0.00210637)
 [0,0.00211218)
 [0,0.00211711)
 [0,0.00213717)
 [0,0.00214172)
 [0,0.00214301)
 [0,0.00214962)
 [0,0.00215081)
 [0,0.00215228)
 [0,0.00215543)
 [0,0.00215841)
 [0,0.0021635)
 [0,0.00216631)
 [0,0.00217208)
 [0,0.00217954)
 [0,0.00218839)
 [0,0.00220657)
 [0,0.00221326)
 [0,0.00221565)
 [0,0.00222055)
 [0,0.00222202)
 [0,0.00222335)
 [0,0.00223168)
 [0,0.00223377)
 [0,0.00224137)
 [0,0.00224251)
 [0,0.00224511)
 [0,0.0022682)
 [0,0.00227241)
 [0,0.00227406)
 [0,0.00227573)
 [0,0.00227905)
 [0,0.00228202)
 [0,0.00228827)
 [0,0.00230258)
 [0,0.00231358)
 [0,0.00232948)
 [0,0.00234458)
 [0,0.0023591)
 [0,0.00236552)
 [0,0.00237523)
 [0,0.00237974)
 [0,0.00238515)
 [0,0.00238643)
 [0,0.0023882)
 [0,0.00239587)
 [0,0.002396)
 [0,0.00239919)
 [0,0.00241312)
 [0,0.00243265)
 [0,0.00243737)
 [0,0.00244334)
 [0,0.00246307)
 [0,0.00246338)
 [0,0.0024642)
 [0,0.00246856)
 [0,0.00247827)
 [0,0.00247996)
 [0,0.00249174)
 [0,0.00249426)
 [0,0.00249831)
 [0,0.00249929)
 [0,0.0025062)
 [0,0.00251612)
 [0,0.00252796)
 [0,0.00255325)
 [0,0.00255457)
 [0,0.00256353)
 [0,0.00256615)
 [0,0.00256626)
 [0,0.00256981)
 [0,0.00257015)
 [0,0.0025796)
 [0,0.00258541)
 [0,0.00258543)
 [0,0.00258751)
 [0,0.0026017)
 [0,0.00260362)
 [0,0.00260593)
 [0,0.00261283)
 [0,0.00262)
 [0,0.00262736)
 [0,0.0026346)
 [0,0.00264113)
 [0,0.00265092)
 [0,0.00265187)
 [0,0.00265799)
 [0,0.00265964)
 [0,0.00266004)
 [0,0.00270434)
 [0,0.00270737)
 [0,0.00270748)
 [0,0.00277112)
 [0,0.00277513)
 [0,0.00277921)
 [0,0.00278397)
 [0,0.00279967)
 [0,0.00281607)
 [0,0.00281996)
 [0,0.00283487)
 [0,0.00284173)
 [0,0.0028509)
 [0,0.00287072)
 [0,0.00287355)
 [0,0.00289013)
 [0,0.00290324)
 [0,0.00290877)
 [0,0.00293975)
 [0,0.00294231)
 [0,0.00294346)
 [0,0.00296645)
 [0,0.00298172)
 [0,0.00300685)
 [0,0.00301617)
 [0,0.0030172)
 [0,0.00302471)
 [0,0.00302649)
 [0,0.00303528)
 [0,0.00304594)
 [0,0.0030509)
 [0,0.00310323)
 [0,0.00311724)
 [0,0.00312668)
 [0,0.00312958)
 [0,0.00315108)
 [0,0.00315535)
 [0,0.00317492)
 [0,0.00319137)
 [0,0.00320052)
 [0,0.00322053)
 [0,0.00322415)
 [0,0.00323189)
 [0,0.00323762)
 [0,0.00324781)
 [0,0.00326607)
 [0,0.00328529)
 [0,0.00329451)
 [0,0.00332124)
 [0,0.00332637)
 [0,0.00334034)
 [0,0.00335793)
 [0,0.00339856)
 [0,0.00340867)
 [0,0.00344844)
 [0,0.0034964)
 [0,0.00349782)
 [0,0.00350551)
 [0,0.00352222)
 [0,0.00352884)
 [0,0.00353773)
 [0,0.00354031)
 [0,0.00354385)
 [0,0.00355168)
 [0,0.00355179)
 [0,0.00357372)
 [0,0.00361922)
 [0,0.00363402)
 [0,0.00365109)
 [0,0.0037151)
 [0,0.00374048)
 [0,0.00376965)
 [0,0.00380906)
 [0,0.00381662)
 [0,0.00383638)
 [0,0.00386019)
 [0,0.00388151)
 [0,0.00389481)
 [0,0.00390384)
 [0,0.00390633)
 [0,0.00393825)
 [0,0.00395285)
 [0,0.00395449)
 [0,0.00396987)
 [0,0.00400581)
 [0,0.00404332)
 [0,0.00418597)
 [0,0.00419444)
 [0,0.00423933)
 [0,0.00424851)
 [0,0.00429381)
 [0,0.00431606)
 [0,0.00432674)
 [0,0.00437921)
 [0,0.0043936)
 [0,0.00440178)
 [0,0.00442771)
 [0,0.00445148)
 [0,0.00451649)
 [0,0.00452703)
 [0,0.00458076)
 [0,0.00459369)
 [0,0.00461221)
 [0,0.00467447)
 [0,0.00471264)
 [0,0.00476101)
 [0,0.00480955)
 [0,0.00484755)
 [0,0.00487412)
 [0,0.0048803)
 [0,0.00488737)
 [0,0.00491143)
 [0,0.00493)
 [0,0.00493614)
 [0,0.00497657)
 [0,0.00498506)
 [0,0.00499056)
 [0,0.00502784)
 [0,0.00506316)
 [0,0.0051431)
 [0,0.00516012)
 [0,0.00516125)
 [0,0.00525626)
 [0,0.00526179)
 [0,0.00527298)
 [0,0.00569632)
 [0,0.00577151)
 [0,0.0058303)
 [0,0.00584046)
 [0,0.00586422)
 [0,0.00602249)
 [0,0.00610217)
 [0,0.00612083)
 [0,0.00620529)
 [0,0.00621094)
 [0,0.00621616)
 [0,0.00628772)
 [0,0.00629971)
 [0,0.00646926)
 [0,0.00650807)
 [0,0.00674977)
 [0,0.00681357)
 [0,0.00691014)
 [0,0.00715002)
 [0,0.00732501)
 [0,0.0074019)
 [0,0.00785519)
 [0,0.00789566)
 [0,0.00792436)
 [0,0.0079776)
 [0,0.0080905)
 [0,0.00844702)
 [0,0.00857438)
 [0,0.00962548)
 [0,0.00972704)
 [0,0.0102126)
 [0,0.0103177)
 [0,0.0106646)
 [0,0.0135714)
 [0,0.0153254)
 [0,0.0155068)
 [0,0.0162857)
 [0,0.0172502)
 [0,0.0195283)
 [0,0.021367)
 [0,0.121268)
 [0, )
