persistence intervals in dim 0:
 [0,3.21061e-05)
 [0,0.000166307)
 [0,0.000273205)
 [0,0.000275197)
 [0,0.000282382)
 [0,0.000324527)
 [0,0.000339044)
 [0,0.000343086)
 [0,0.000352678)
 [0,0.000353843)
 [0,0.000360872)
 [0,0.000371454)
 [0,0.000372349)
 [0,0.000372646)
 [0,0.000374845)
 [0,0.000380718)
 [0,0.000397814)
 [0,0.000417214)
 [0,0.000425293)
 [0,0.000436638)
 [0,0.000437826)
 [0,0.000440565)
 [0,0.000447696)
 [0,0.000455205)
 [0,0.000462268)
 [0,0.000462641)
 [0,0.000463161)
 [0,0.000476574)
 [0,0.000477142)
 [0,0.000478227)
 [0,0.000478851)
 [0,0.000482945)
 [0,0.00049194)
 [0,0.000493666)
 [0,0.0005026)
 [0,0.000516482)
 [0,0.000519022)
 [0,0.000520332)
 [0,0.000527475)
 [0,0.000604901)
 [0,0.000631356)
 [0,0.000639452)
 [0,0.000643152)
 [0,0.000644459)
 [0,0.000649747)
 [0,0.000651231)
 [0,0.00065268)
 [0,0.000655967)
 [0,0.000657552)
 [0,0.00066004)
 [0,0.000660074)
 [0,0.000661137)
 [0,0.000662171)
 [0,0.000667739)
 [0,0.000676131)
 [0,0.000680216)
 [0,0.000680447)
 [0,0.000685677)
 [0,0.000686267)
 [0,0.000687087)
 [0,0.000688031)
 [0,0.000688557)
 [0,0.000709768)
 [0,0.00071351)
 [0,0.000715057)
 [0,0.000728421)
 [0,0.000744849)
 [0,0.000749687)
 [0,0.000751555)
 [0,0.000754922)
 [0,0.000756081)
 [0,0.000766738)
 [0,0.000768746)
 [0,0.000771363)
 [0,0.000772392)
 [0,0.000781754)
 [0,0.000784218)
 [0,0.000784452)
 [0,0.00078525)
 [0,0.000788513)
 [0,0.000793275)
 [0,0.000800842)
 [0,0.000801747)
 [0,0.000806267)
 [0,0.000806817)
 [0,0.000810463)
 [0,0.000814925)
 [0,0.000817768)
 [0,0.000820195)
 [0,0.000827213)
 [0,0.000827631)
 [0,0.000831662)
 [0,0.000832578)
 [0,0.000841308)
 [0,0.000843172)
 [0,0.00084673)
 [0,0.000848151)
 [0,0.000852287)
 [0,0.000852768)
 [0,0.00085371)
 [0,0.000853795)
 [0,0.000854683)
 [0,0.000860578)
 [0,0.000866016)
 [0,0.00086678)
 [0,0.000875265)
 [0,0.000877421)
 [0,0.000883103)
 [0,0.00088674)
 [0,0.000886791)
 [0,0.000887293)
 [0,0.000891121)
 [0,0.00089266)
 [0,0.000894394)
 [0,0.000902716)
 [0,0.000904344)
 [0,0.000907186)
 [0,0.000907637)
 [0,0.000911333)
 [0,0.000913355)
 [0,0.000918043)
 [0,0.000919138)
 [0,0.000922945)
 [0,0.000935695)
 [0,0.000943645)
 [0,0.000943875)
 [0,0.000947018)
 [0,0.000950305)
 [0,0.00095229)
 [0,0.000954981)
 [0,0.000955181)
 [0,0.000963086)
 [0,0.000967082)
 [0,0.000967927)
 [0,0.000968636)
 [0,0.000969669)
 [0,0.000971923)
 [0,0.000972317)
 [0,0.000987339)
 [0,0.000988097)
 [0,0.000990144)
 [0,0.000990521)
 [0,0.00099691)
 [0,0.000997496)
 [0,0.00100646)
 [0,0.00100786)
 [0,0.00100851)
 [0,0.00101126)
 [0,0.00101293)
 [0,0.00101892)
 [0,0.00101957)
 [0,0.00101957)
 [0,0.00102016)
 [0,0.00102079)
 [0,0.00102101)
 [0,0.00102185)
 [0,0.00102574)
 [0,0.00102579)
 [0,0.00102586)
 [0,0.00102712)
 [0,0.00103212)
 [0,0.00103572)
 [0,0.0010366)
 [0,0.00103727)
 [0,0.00104317)
 [0,0.00104798)
 [0,0.00105124)
 [0,0.0010578)
 [0,0.00105903)
 [0,0.00106121)
 [0,0.00106407)
 [0,0.0010645)
 [0,0.00107093)
 [0,0.00107094)
 [0,0.00107409)
 [0,0.00107852)
 [0,0.00107895)
 [0,0.00108278)
 [0,0.00108562)
 [0,0.00108681)
 [0,0.00109038)
 [0,0.00109288)
 [0,0.00109547)
 [0,0.00110066)
 [0,0.00110586)
 [0,0.00110692)
 [0,0.00110952)
 [0,0.00111233)
 [0,0.00111386)
 [0,0.00111883)
 [0,0.00112219)
 [0,0.00112309)
 [0,0.00112496)
 [0,0.00112505)
 [0,0.00112551)
 [0,0.00113116)
 [0,0.00113966)
 [0,0.00114341)
 [0,0.00114592)
 [0,0.00114676)
 [0,0.00114688)
 [0,0.00115382)
 [0,0.00115405)
 [0,0.00115717)
 [0,0.00116714)
 [0,0.00117983)
 [0,0.00118004)
 [0,0.00118229)
 [0,0.00118456)
 [0,0.00118589)
 [0,0.00119192)
 [0,0.00119289)
 [0,0.00119678)
 [0,0.00120332)
 [0,0.00120409)
 [0,0.00120414)
 [0,0.00121509)
 [0,0.00121882)
 [0,0.00122162)
 [0,0.001225)
 [0,0.00122566)
 [0,0.00122767)
 [0,0.00123028)
 [0,0.00123481)
 [0,0.00123796)
 [0,0.00124013)
 [0,0.00124206)
 [0,0.00124418)
 [0,0.00124425)
 [0,0.00124427)
 [0,0.00124527)
 [0,0.0012478)
 [0,0.00124788)
 [0,0.00124946)
 [0,0.0012537)
 [0,0.00125426)
 [0,0.00125791)
 [0,0.00125991)
 [0,0.00126181)
 [0,0.00126885)
 [0,0.00127136)
 [0,0.00127381)
 [0,0.00127502)
 [0,0.00127506)
 [0,0.00127598)
 [0,0.001276)
 [0,0.00127784)
 [0,0.00127805)
 [0,0.00127813)
 [0,0.00128166)
 [0,0.00128521)
 [0,0.00128562)
 [0,0.00128586)
 [0,0.00128792)
 [0,0.00128948)
 [0,0.00129027)
 [0,0.00129133)
 [0,0.00129275)
 [0,0.00129439)
 [0,0.0012962)
 [0,0.00129814)
 [0,0.00130453)
 [0,0.00130958)
 [0,0.00130983)
 [0,0.00131066)
 [0,0.00131167)
 [0,0.00132214)
 [0,0.00132268)
 [0,0.00132333)
 [0,0.00132728)
 [0,0.00133225)
 [0,0.00133401)
 [0,0.00133434)
 [0,0.00133566)
 [0,0.0013364)
 [0,0.00133922)
 [0,0.00134062)
 [0,0.00134227)
 [0,0.00135119)
 [0,0.00135184)
 [0,0.0013538)
 [0,0.00135866)
 [0,0.00136166)
 [0,0.00136229)
 [0,0.0013636)
 [0,0.00136934)
 [0,0.00137161)
 [0,0.00137381)
 [0,0.00137505)
 [0,0.00137869)
 [0,0.00138111)
 [0,0.00138266)
 [0,0.00139374)
 [0,0.00139602)
 [0,0.00139613)
 [0,0.00139912)
 [0,0.00140095)
 [0,0.0014017)
 [0,0.00140373)
 [0,0.00140461)
 [0,0.00140495)
 [0,0.00140536)
 [0,0.0014055)
 [0,0.00140832)
 [0,0.00141105)
 [0,0.00141353)
 [0,0.00141704)
 [0,0.00141752)
 [0,0.00141849)
 [0,0.00142)
 [0,0.00143177)
 [0,0.00143893)
 [0,0.00144504)
 [0,0.00144699)
 [0,0.00144747)
 [0,0.00145537)
 [0,0.00145615)
 [0,0.00146093)
 [0,0.00146211)
 [0,0.00146352)
 [0,0.00146458)
 [0,0.00146559)
 [0,0.0014687)
 [0,0.00147021)
 [0,0.00147205)
 [0,0.00147493)
 [0,0.00147749)
 [0,0.00147971)
 [0,0.00148229)
 [0,0.00148378)
 [0,0.00149126)
 [0,0.00149365)
 [0,0.00149441)
 [0,0.00149701)
 [0,0.0014976)
 [0,0.0014984)
 [0,0.00149985)
 [0,0.00150291)
 [0,0.00150792)
 [0,0.00151147)
 [0,0.00151439)
 [0,0.00151617)
 [0,0.00151673)
 [0,0.00151905)
 [0,0.0015213)
 [0,0.0015226)
 [0,0.00153127)
 [0,0.00153758)
 [0,0.00154021)
 [0,0.00154463)
 [0,0.00154673)
 [0,0.00154721)
 [0,0.0015489)
 [0,0.00155195)
 [0,0.00155354)
 [0,0.00155654)
 [0,0.00155702)
 [0,0.00155888)
 [0,0.00156214)
 [0,0.00156222)
 [0,0.00157802)
 [0,0.00157911)
 [0,0.00157936)
 [0,0.0015927)
 [0,0.00159334)
 [0,0.00159538)
 [0,0.00159745)
 [0,0.00159876)
 [0,0.00160045)
 [0,0.00160336)
 [0,0.00160513)
 [0,0.00160856)
 [0,0.00160943)
 [0,0.0016113)
 [0,0.0016152)
 [0,0.00161717)
 [0,0.00161873)
 [0,0.00162327)
 [0,0.00162485)
 [0,0.00163376)
 [0,0.00163566)
 [0,0.00164311)
 [0,0.00164483)
 [0,0.00164597)
 [0,0.00164987)
 [0,0.00165264)
 [0,0.00165451)
 [0,0.00166097)
 [0,0.00166873)
 [0,0.00167144)
 [0,0.00168052)
 [0,0.0016858)
 [0,0.00169779)
 [0,0.00170244)
 [0,0.0017031)
 [0,0.00170674)
 [0,0.00171037)
 [0,0.00171151)
 [0,0.00171253)
 [0,0.00171632)
 [0,0.0017168)
 [0,0.0017197)
 [0,0.00172206)
 [0,0.00172602)
 [0,0.00172661)
 [0,0.00173716)
 [0,0.00173754)
 [0,0.00174013)
 [0,0.00174195)
 [0,0.00174497)
 [0,0.00174696)
 [0,0.00175643)
 [0,0.00176051)
 [0,0.0017622)
 [0,0.00176587)
 [0,0.0017683)
 [0,0.00176846)
 [0,0.00177054)
 [0,0.00177563)
 [0,0.00177984)
 [0,0.00178204)
 [0,0.0017828)
 [0,0.00179657)
 [0,0.0017988)
 [0,0.0018001)
 [0,0.00180411)
 [0,0.00180866)
 [0,0.00180945)
 [0,0.00180956)
 [0,0.0018101)
 [0,0.00181033)
 [0,0.00181351)
 [0,0.00181478)
 [0,0.00181689)
 [0,0.00181862)
 [0,0.00183084)
 [0,0.00183955)
 [0,0.00184515)
 [0,0.0018459)
 [0,0.00184692)
 [0,0.0018539)
 [0,0.00185626)
 [0,0.00185637)
 [0,0.00185741)
 [0,0.0018589)
 [0,0.00186097)
 [0,0.00186698)
 [0,0.00186714)
 [0,0.00187194)
 [0,0.00187688)
 [0,0.00187749)
 [0,0.0018776)
 [0,0.00187987)
 [0,0.00188613)
 [0,0.00189475)
 [0,0.00189685)
 [0,0.00190031)
 [0,0.00190226)
 [0,0.00190294)
 [0,0.00190416)
 [0,0.00190595)
 [0,0.00191836)
 [0,0.0019199)
 [0,0.00192189)
 [0,0.00192215)
 [0,0.00192855)
 [0,0.00192906)
 [0,0.00193009)
 [0,0.00193067)
 [0,0.00193115)
 [0,0.00193224)
 [0,0.00193272)
 [0,0.00193656)
 [0,0.00194166)
 [0,0.00194543)
 [0,0.00194782)
 [0,0.00194908)
 [0,0.00194936)
 [0,0.0019549)
 [0,0.00195631)
 [0,0.00196796)
 [0,0.00196886)
 [0,0.00197677)
 [0,0.00197817)
 [0,0.00198238)
 [0,0.0019886)
 [0,0.00198963)
 [0,0.00199033)
 [0,0.00199305)
 [0,0.00199831)
 [0,0.00200562)
 [0,0.00201111)
 [0,0.00202916)
 [0,0.00203232)
 [0,0.00204551)
 [0,0.00205009)
 [0,0.00205156)
 [0,0.00205681)
 [0,0.00205815)
 [0,0.00205854)
 [0,0.00205989)
 [0,0.00206315)
 [0,0.00207372)
 [0,0.00207427)
 [0,0.00207783)
 [0,0.00208471)
 [0,0.00208575)
 [0,0.00208672)
 [0,0.00208866)
 [0,0.00209016)
 [0,0.0020908)
 [0,0.00209369)
 [0,0.0021089)
 [0,0.00211221)
 [0,0.00211259)
 [0,0.00211452)
 [0,0.00212985)
 [0,0.00213023)
 [0,0.00213604)
 [0,0.00214131)
 [0,0.00214218)
 [0,0.00214897)
 [0,0.00215446)
 [0,0.00215831)
 [0,0.00216225)
 [0,0.00216527)
 [0,0.0021664)
 [0,0.00216666)
 [0,0.00217247)
 [0,0.002174)
 [0,0.00217726)
 [0,0.0021795)
 [0,0.00217957)
 [0,0.00218657)
 [0,0.00219416)
 [0,0.002204)
 [0,0.00220712)
 [0,0.00220956)
 [0,0.00221029)
 [0,0.00221093)
 [0,0.002222)
 [0,0.00222268)
 [0,0.00223241)
 [0,0.00223305)
 [0,0.0022372)
 [0,0.00224184)
 [0,0.00225084)
 [0,0.00225249)
 [0,0.00225466)
 [0,0.00226561)
 [0,0.0022699)
 [0,0.00227066)
 [0,0.0022717)
 [0,0.00227315)
 [0,0.00227628)
 [0,0.00227763)
 [0,0.00228059)
 [0,0.00228656)
 [0,0.00229454)
 [0,0.00229983)
 [0,0.00230677)
 [0,0.0023081)
 [0,0.00231681)
 [0,0.0023274)
 [0,0.00232799)
 [0,0.00232871)
 [0,0.00233093)
 [0,0.0023369)
 [0,0.00235698)
 [0,0.00236207)
 [0,0.00236441)
 [0,0.00236579)
 [0,0.00236685)
 [0,0.0023686)
 [0,0.00236899)
 [0,0.00237491)
 [0,0.00237599)
 [0,0.0023764)
 [0,0.0023778)
 [0,0.00238115)
 [0,0.00238286)
 [0,0.00240598)
 [0,0.00240612)
 [0,0.00240881)
 [0,0.00242017)
 [0,0.00242896)
 [0,0.00244323)
 [0,0.00245059)
 [0,0.00245477)
 [0,0.00247445)
 [0,0.00247975)
 [0,0.00248202)
 [0,0.00248475)
 [0,0.00248765)
 [0,0.00249137)
 [0,0.00249542)
 [0,0.00249946)
 [0,0.00250018)
 [0,0.00250253)
 [0,0.00250821)
 [0,0.00250884)
 [0,0.00252455)
 [0,0.00252776)
 [0,0.00253244)
 [0,0.00253559)
 [0,0.00255609)
 [0,0.00255658)
 [0,0.00256703)
 [0,0.00256973)
 [0,0.00257734)
 [0,0.00258685)
 [0,0.00259415)
 [0,0.00260209)
 [0,0.00260757)
 [0,0.00262192)
 [0,0.00264194)
 [0,0.00264319)
 [0,0.00264704)
 [0,0.00265347)
 [0,0.00268064)
 [0,0.00268671)
 [0,0.00270911)
 [0,0.00271359)
 [0,0.00272714)
 [0,0.00273368)
 [0,0.00274651)
 [0,0.00274858)
 [0,0.0027505)
 [0,0.00275236)
 [0,0.00276807)
 [0,0.00277565)
 [0,0.00277967)
 [0,0.002799)
 [0,0.00280065)
 [0,0.0028038)
 [0,0.00281313)
 [0,0.00281477)
 [0,0.0028209)
 [0,0.00282494)
 [0,0.0028337)
 [0,0.00285121)
 [0,0.00285602)
 [0,0.00286046)
 [0,0.00286537)
 [0,0.00286856)
 [0,0.00286927)
 [0,0.00288559)
 [0,0.00288676)
 [0,0.00289074)
 [0,0.00291705)
 [0,0.00293967)
 [0,0.00294612)
 [0,0.00295669)
 [0,0.00295903)
 [0,0.00297959)
 [0,0.00298507)
 [0,0.00298533)
 [0,0.00299994)
 [0,0.00300176)
 [0,0.00302151)
 [0,0.00302838)
 [0,0.00303278)
 [0,0.00303565)
 [0,0.00303985)
 [0,0.00304188)
 [0,0.00304227)
 [0,0.00306023)
 [0,0.00307367)
 [0,0.00308152)
 [0,0.00308691)
 [0,0.00308752)
 [0,0.00308847)
 [0,0.00308857)
 [0,0.00308929)
 [0,0.0031032)
 [0,0.00312118)
 [0,0.00313157)
 [0,0.00317669)
 [0,0.00319279)
 [0,0.00319749)
 [0,0.00320355)
 [0,0.00320621)
 [0,0.00323014)
 [0,0.00323504)
 [0,0.00325972)
 [0,0.00326266)
 [0,0.003263)
 [0,0.00328774)
 [0,0.00328774)
 [0,0.00330673)
 [0,0.00331962)
 [0,0.00333175)
 [0,0.00333218)
 [0,0.00334357)
 [0,0.00334498)
 [0,0.00334562)
 [0,0.00334899)
 [0,0.00336133)
 [0,0.00336283)
 [0,0.00336945)
 [0,0.00337314)
 [0,0.00337806)
 [0,0.00339098)
 [0,0.00339437)
 [0,0.00340274)
 [0,0.00340789)
 [0,0.00341158)
 [0,0.00342966)
 [0,0.00342996)
 [0,0.00343536)
 [0,0.0034481)
 [0,0.00345371)
 [0,0.00347262)
 [0,0.00348876)
 [0,0.00349024)
 [0,0.00349642)
 [0,0.00351587)
 [0,0.00351615)
 [0,0.00352508)
 [0,0.00353018)
 [0,0.00353093)
 [0,0.00353321)
 [0,0.00353354)
 [0,0.00356586)
 [0,0.00357206)
 [0,0.00357509)
 [0,0.00357563)
 [0,0.00358786)
 [0,0.00360142)
 [0,0.00361346)
 [0,0.00362706)
 [0,0.0036402)
 [0,0.00364197)
 [0,0.00364514)
 [0,0.00365622)
 [0,0.0036635)
 [0,0.00366422)
 [0,0.0036654)
 [0,0.00367218)
 [0,0.00367334)
 [0,0.00367432)
 [0,0.0036765)
 [0,0.0036855)
 [0,0.00369668)
 [0,0.00371455)
 [0,0.00371463)
 [0,0.00371946)
 [0,0.00372125)
 [0,0.00372182)
 [0,0.00373728)
 [0,0.00374722)
 [0,0.00374812)
 [0,0.00374938)
 [0,0.00374963)
 [0,0.00375806)
 [0,0.00377487)
 [0,0.00378788)
 [0,0.00379488)
 [0,0.00382138)
 [0,0.0038471)
 [0,0.00387004)
 [0,0.00388364)
 [0,0.0039175)
 [0,0.00393215)
 [0,0.0039386)
 [0,0.0039588)
 [0,0.00397864)
 [0,0.00398259)
 [0,0.00398888)
 [0,0.00399148)
 [0,0.00399662)
 [0,0.0040284)
 [0,0.00403081)
 [0,0.00404461)
 [0,0.00405652)
 [0,0.00406612)
 [0,0.00410378)
 [0,0.00416714)
 [0,0.0041785)
 [0,0.00418264)
 [0,0.00420784)
 [0,0.00424915)
 [0,0.00428755)
 [0,0.00431697)
 [0,0.00432637)
 [0,0.00433769)
 [0,0.0043496)
 [0,0.00446201)
 [0,0.00446246)
 [0,0.00448088)
 [0,0.0045105)
 [0,0.00455379)
 [0,0.00460631)
 [0,0.00463463)
 [0,0.0046608)
 [0,0.00473605)
 [0,0.00475086)
 [0,0.00481601)
 [0,0.00481769)
 [0,0.00481783)
 [0,0.0048675)
 [0,0.00486762)
 [0,0.00486789)
 [0,0.00488455)
 [0,0.00492279)
 [0,0.00493491)
 [0,0.00494229)
 [0,0.0050008)
 [0,0.00500753)
 [0,0.00500832)
 [0,0.00501372)
 [0,0.00503754)
 [0,0.00508135)
 [0,0.00508732)
 [0,0.00509202)
 [0,0.00511775)
 [0,0.00511811)
 [0,0.00515108)
 [0,0.00516313)
 [0,0.00521229)
 [0,0.00524739)
 [0,0.00525172)
 [0,0.00527449)
 [0,0.00528115)
 [0,0.00528709)
 [0,0.00529435)
 [0,0.00532256)
 [0,0.00534771)
 [0,0.00535368)
 [0,0.00535712)
 [0,0.00539485)
 [0,0.00543053)
 [0,0.00545983)
 [0,0.00547961)
 [0,0.00548296)
 [0,0.00549339)
 [0,0.00551756)
 [0,0.00553909)
 [0,0.00554207)
 [0,0.00557648)
 [0,0.0056257)
 [0,0.00563376)
 [0,0.00565178)
 [0,0.00565701)
 [0,0.00566551)
 [0,0.00566794)
 [0,0.00574335)
 [0,0.00578263)
 [0,0.00580048)
 [0,0.00581576)
 [0,0.00591791)
 [0,0.00595005)
 [0,0.00596692)
 [0,0.00596902)
 [0,0.00599724)
 [0,0.00603405)
 [0,0.00604061)
 [0,0.00605049)
 [0,0.00606092)
 [0,0.00608428)
 [0,0.00613896)
 [0,0.00614965)
 [0,0.00615402)
 [0,0.00616728)
 [0,0.00620581)
 [0,0.00622375)
 [0,0.00624968)
 [0,0.00625764)
 [0,0.00630817)
 [0,0.00632547)
 [0,0.00649338)
 [0,0.00662388)
 [0,0.00670547)
 [0,0.00672795)
 [0,0.00675724)
 [0,0.00681044)
 [0,0.00684995)
 [0,0.00691775)
 [0,0.006941)
 [0,0.00694768)
 [0,0.00704397)
 [0,0.00709896)
 [0,0.00711732)
 [0,0.00713659)
 [0,0.00719555)
 [0,0.00727983)
 [0,0.00730209)
 [0,0.00731015)
 [0,0.00738825)
 [0,0.00742507)
 [0,0.00748466)
 [0,0.00756229)
 [0,0.0076109)
 [0,0.00776316)
 [0,0.00779143)
 [0,0.00783891)
 [0,0.00791008)
 [0,0.00791041)
 [0,0.00802129)
 [0,0.00813815)
 [0,0.00819296)
 [0,0.00828313)
 [0,0.00832831)
 [0,0.00833512)
 [0,0.00835697)
 [0,0.00841294)
 [0,0.00845791)
 [0,0.00867786)
 [0,0.00867975)
 [0,0.00884265)
 [0,0.00886067)
 [0,0.00891886)
 [0,0.00913281)
 [0,0.009181)
 [0,0.00923545)
 [0,0.00925549)
 [0,0.00934889)
 [0,0.00940373)
 [0,0.00955675)
 [0,0.00968452)
 [0,0.00970219)
 [0,0.00973283)
 [0,0.00979414)
 [0,0.00988104)
 [0,0.00999228)
 [0,0.0101886)
 [0,0.0103929)
 [0,0.0105676)
 [0,0.010622)
 [0,0.0106511)
 [0,0.0106803)
 [0,0.0107572)
 [0,0.0107686)
 [0,0.010791)
 [0,0.0109055)
 [0,0.0109572)
 [0,0.0110452)
 [0,0.0111753)
 [0,0.0111939)
 [0,0.0112005)
 [0,0.0112675)
 [0,0.0112814)
 [0,0.0113748)
 [0,0.0113748)
 [0,0.011556)
 [0,0.0116605)
 [0,0.0117872)
 [0,0.0117925)
 [0,0.0121631)
 [0,0.0124897)
 [0,0.0128505)
 [0,0.0129505)
 [0,0.0130609)
 [0,0.0133246)
 [0,0.0134218)
 [0,0.0134691)
 [0,0.0136522)
 [0,0.0136929)
 [0,0.0137028)
 [0,0.0137069)
 [0,0.0141413)
 [0,0.0141858)
 [0,0.0147943)
 [0,0.0149494)
 [0,0.0152821)
 [0,0.0153256)
 [0,0.0156372)
 [0,0.0158736)
 [0,0.0162383)
 [0,0.0169221)
 [0,0.0170862)
 [0,0.0171358)
 [0,0.0175536)
 [0,0.0178198)
 [0,0.0181328)
 [0,0.0183398)
 [0,0.0199484)
 [0,0.0200997)
 [0,0.0208672)
 [0,0.0220398)
 [0,0.0221005)
 [0,0.0224032)
 [0,0.0236693)
 [0,0.0240506)
 [0,0.0242196)
 [0,0.0257107)
 [0,0.0292011)
 [0,0.0298156)
 [0,0.031179)
 [0,0.0323219)
 [0,0.0339245)
 [0,0.0342427)
 [0,0.0350139)
 [0,0.0354856)
 [0,0.035942)
 [0,0.039174)
 [0,0.0397968)
 [0,0.0449475)
 [0,0.12609)
 [0, )
