persistence intervals in dim 0:
 [0,9.53674e-07)
 [0,9.53674e-07)
 [0,1.01328e-06)
 [0,1.01328e-06)
 [0,3.74156e-06)
 [0,3.74181e-06)
 [0,3.74181e-06)
 [0,4.24234e-06)
 [0,4.24278e-06)
 [0,4.35845e-06)
 [0,4.58246e-06)
 [0,5.09878e-06)
 [0,5.74465e-06)
 [0,6.00051e-06)
 [0,6.32431e-06)
 [0,7.14132e-06)
 [0,7.14184e-06)
 [0,7.81082e-06)
 [0,8.71797e-06)
 [0,8.77548e-06)
 [0,9.00527e-06)
 [0,9.11037e-06)
 [0,9.27314e-06)
 [0,1.02465e-05)
 [0,1.02478e-05)
 [0,1.03475e-05)
 [0,1.04406e-05)
 [0,1.0489e-05)
 [0,1.10455e-05)
 [0,1.11799e-05)
 [0,1.17472e-05)
 [0,1.20412e-05)
 [0,1.2083e-05)
 [0,1.22067e-05)
 [0,1.23295e-05)
 [0,1.24501e-05)
 [0,1.2688e-05)
 [0,1.26887e-05)
 [0,1.26887e-05)
 [0,1.31529e-05)
 [0,1.3454e-05)
 [0,1.36008e-05)
 [0,1.37439e-05)
 [0,1.41422e-05)
 [0,1.41776e-05)
 [0,1.43185e-05)
 [0,1.44568e-05)
 [0,1.45253e-05)
 [0,1.45604e-05)
 [0,1.45608e-05)
 [0,1.46963e-05)
 [0,1.46964e-05)
 [0,1.49e-05)
 [0,1.5166e-05)
 [0,1.54266e-05)
 [0,1.55239e-05)
 [0,1.578e-05)
 [0,1.58112e-05)
 [0,1.5812e-05)
 [0,1.58429e-05)
 [0,1.60311e-05)
 [0,1.60939e-05)
 [0,1.61551e-05)
 [0,1.65229e-05)
 [0,1.66732e-05)
 [0,1.67629e-05)
 [0,1.68802e-05)
 [0,1.68822e-05)
 [0,1.70292e-05)
 [0,1.70591e-05)
 [0,1.71167e-05)
 [0,1.71464e-05)
 [0,1.73461e-05)
 [0,1.75781e-05)
 [0,1.75788e-05)
 [0,1.772e-05)
 [0,1.77205e-05)
 [0,1.78042e-05)
 [0,1.78049e-05)
 [0,1.80559e-05)
 [0,1.81387e-05)
 [0,1.8139e-05)
 [0,1.84927e-05)
 [0,1.86284e-05)
 [0,1.86813e-05)
 [0,1.87085e-05)
 [0,1.88947e-05)
 [0,1.88947e-05)
 [0,1.89206e-05)
 [0,1.89212e-05)
 [0,1.89215e-05)
 [0,1.89935e-05)
 [0,1.90259e-05)
 [0,1.9131e-05)
 [0,1.91314e-05)
 [0,1.93395e-05)
 [0,1.93906e-05)
 [0,1.95455e-05)
 [0,1.96721e-05)
 [0,1.97224e-05)
 [0,1.97228e-05)
 [0,1.97233e-05)
 [0,1.97238e-05)
 [0,1.98242e-05)
 [0,2.00498e-05)
 [0,2.005e-05)
 [0,2.01253e-05)
 [0,2.0248e-05)
 [0,2.03463e-05)
 [0,2.05185e-05)
 [0,2.0543e-05)
 [0,2.06152e-05)
 [0,2.06155e-05)
 [0,2.06635e-05)
 [0,2.07126e-05)
 [0,2.09046e-05)
 [0,2.09292e-05)
 [0,2.09677e-05)
 [0,2.10242e-05)
 [0,2.11184e-05)
 [0,2.12371e-05)
 [0,2.12836e-05)
 [0,2.1424e-05)
 [0,2.14252e-05)
 [0,2.14706e-05)
 [0,2.14941e-05)
 [0,2.14941e-05)
 [0,2.15866e-05)
 [0,2.16103e-05)
 [0,2.16791e-05)
 [0,2.17482e-05)
 [0,2.17949e-05)
 [0,2.1932e-05)
 [0,2.2023e-05)
 [0,2.20448e-05)
 [0,2.20448e-05)
 [0,2.20451e-05)
 [0,2.21583e-05)
 [0,2.21588e-05)
 [0,2.21588e-05)
 [0,2.22039e-05)
 [0,2.22938e-05)
 [0,2.22938e-05)
 [0,2.24504e-05)
 [0,2.24726e-05)
 [0,2.24942e-05)
 [0,2.24945e-05)
 [0,2.24948e-05)
 [0,2.24951e-05)
 [0,2.25604e-05)
 [0,2.25615e-05)
 [0,2.26491e-05)
 [0,2.27594e-05)
 [0,2.27598e-05)
 [0,2.28263e-05)
 [0,2.29127e-05)
 [0,2.30867e-05)
 [0,2.30869e-05)
 [0,2.30869e-05)
 [0,2.33449e-05)
 [0,2.34091e-05)
 [0,2.35153e-05)
 [0,2.36002e-05)
 [0,2.36006e-05)
 [0,2.37914e-05)
 [0,2.39581e-05)
 [0,2.41243e-05)
 [0,2.42279e-05)
 [0,2.42279e-05)
 [0,2.44126e-05)
 [0,2.44534e-05)
 [0,2.45147e-05)
 [0,2.45965e-05)
 [0,2.45966e-05)
 [0,2.46779e-05)
 [0,2.4738e-05)
 [0,2.47787e-05)
 [0,2.48389e-05)
 [0,2.4859e-05)
 [0,2.48797e-05)
 [0,2.4919e-05)
 [0,2.51394e-05)
 [0,2.51797e-05)
 [0,2.51988e-05)
 [0,2.5199e-05)
 [0,2.53176e-05)
 [0,2.53374e-05)
 [0,2.55147e-05)
 [0,2.55538e-05)
 [0,2.55739e-05)
 [0,2.57078e-05)
 [0,2.57294e-05)
 [0,2.58069e-05)
 [0,2.58266e-05)
 [0,2.62683e-05)
 [0,2.62949e-05)
 [0,2.64768e-05)
 [0,2.657e-05)
 [0,2.65713e-05)
 [0,2.66469e-05)
 [0,2.6721e-05)
 [0,2.6796e-05)
 [0,2.69443e-05)
 [0,2.69448e-05)
 [0,2.7e-05)
 [0,2.70003e-05)
 [0,2.70185e-05)
 [0,2.7074e-05)
 [0,2.70927e-05)
 [0,2.71661e-05)
 [0,2.72209e-05)
 [0,2.72259e-05)
 [0,2.72397e-05)
 [0,2.724e-05)
 [0,2.7313e-05)
 [0,2.73133e-05)
 [0,2.74591e-05)
 [0,2.7748e-05)
 [0,2.77488e-05)
 [0,2.79284e-05)
 [0,2.80356e-05)
 [0,2.81427e-05)
 [0,2.82486e-05)
 [0,2.83368e-05)
 [0,2.84252e-05)
 [0,2.84422e-05)
 [0,2.84425e-05)
 [0,2.84959e-05)
 [0,2.85307e-05)
 [0,2.85307e-05)
 [0,2.85831e-05)
 [0,2.87056e-05)
 [0,2.874e-05)
 [0,2.88614e-05)
 [0,2.89139e-05)
 [0,2.89143e-05)
 [0,2.89825e-05)
 [0,2.90174e-05)
 [0,2.90511e-05)
 [0,2.90693e-05)
 [0,2.90858e-05)
 [0,2.91376e-05)
 [0,2.91547e-05)
 [0,2.91548e-05)
 [0,2.93597e-05)
 [0,2.9411e-05)
 [0,2.95636e-05)
 [0,2.95798e-05)
 [0,2.96145e-05)
 [0,2.97656e-05)
 [0,2.99005e-05)
 [0,2.99666e-05)
 [0,3.00674e-05)
 [0,3.00828e-05)
 [0,3.00997e-05)
 [0,3.0166e-05)
 [0,3.0232e-05)
 [0,3.03312e-05)
 [0,3.04791e-05)
 [0,3.04795e-05)
 [0,3.05942e-05)
 [0,3.07734e-05)
 [0,3.08215e-05)
 [0,3.08222e-05)
 [0,3.087e-05)
 [0,3.08708e-05)
 [0,3.08872e-05)
 [0,3.09361e-05)
 [0,3.09515e-05)
 [0,3.09997e-05)
 [0,3.10166e-05)
 [0,3.10483e-05)
 [0,3.10805e-05)
 [0,3.11609e-05)
 [0,3.11775e-05)
 [0,3.13047e-05)
 [0,3.13843e-05)
 [0,3.14012e-05)
 [0,3.14638e-05)
 [0,3.16387e-05)
 [0,3.16547e-05)
 [0,3.17649e-05)
 [0,3.17654e-05)
 [0,3.17962e-05)
 [0,3.18278e-05)
 [0,3.18744e-05)
 [0,3.18753e-05)
 [0,3.19055e-05)
 [0,3.19063e-05)
 [0,3.19686e-05)
 [0,3.20158e-05)
 [0,3.22178e-05)
 [0,3.22643e-05)
 [0,3.23104e-05)
 [0,3.23418e-05)
 [0,3.24498e-05)
 [0,3.24645e-05)
 [0,3.24652e-05)
 [0,3.25118e-05)
 [0,3.2527e-05)
 [0,3.25423e-05)
 [0,3.26499e-05)
 [0,3.26961e-05)
 [0,3.27104e-05)
 [0,3.27112e-05)
 [0,3.2757e-05)
 [0,3.27717e-05)
 [0,3.28637e-05)
 [0,3.28935e-05)
 [0,3.29092e-05)
 [0,3.29539e-05)
 [0,3.30236e-05)
 [0,3.30307e-05)
 [0,3.31213e-05)
 [0,3.31218e-05)
 [0,3.31361e-05)
 [0,3.32416e-05)
 [0,3.32566e-05)
 [0,3.34215e-05)
 [0,3.34368e-05)
 [0,3.34812e-05)
 [0,3.3496e-05)
 [0,3.35548e-05)
 [0,3.36163e-05)
 [0,3.37196e-05)
 [0,3.37492e-05)
 [0,3.39118e-05)
 [0,3.39706e-05)
 [0,3.39707e-05)
 [0,3.40146e-05)
 [0,3.4235e-05)
 [0,3.43225e-05)
 [0,3.44241e-05)
 [0,3.44966e-05)
 [0,3.45689e-05)
 [0,3.46702e-05)
 [0,3.46838e-05)
 [0,3.47129e-05)
 [0,3.47135e-05)
 [0,3.4799e-05)
 [0,3.47998e-05)
 [0,3.49284e-05)
 [0,3.49433e-05)
 [0,3.50143e-05)
 [0,3.50573e-05)
 [0,3.50714e-05)
 [0,3.5142e-05)
 [0,3.51847e-05)
 [0,3.52412e-05)
 [0,3.52428e-05)
 [0,3.54402e-05)
 [0,3.54822e-05)
 [0,3.54965e-05)
 [0,3.56792e-05)
 [0,3.57489e-05)
 [0,3.58049e-05)
 [0,3.58049e-05)
 [0,3.58609e-05)
 [0,3.5902e-05)
 [0,3.59301e-05)
 [0,3.59722e-05)
 [0,3.60281e-05)
 [0,3.60658e-05)
 [0,3.61934e-05)
 [0,3.61945e-05)
 [0,3.63594e-05)
 [0,3.64137e-05)
 [0,3.6414e-05)
 [0,3.65247e-05)
 [0,3.65927e-05)
 [0,3.66333e-05)
 [0,3.67017e-05)
 [0,3.67152e-05)
 [0,3.67696e-05)
 [0,3.68509e-05)
 [0,3.69995e-05)
 [0,3.7068e-05)
 [0,3.71212e-05)
 [0,3.71476e-05)
 [0,3.72025e-05)
 [0,3.72152e-05)
 [0,3.72282e-05)
 [0,3.72292e-05)
 [0,3.72693e-05)
 [0,3.75768e-05)
 [0,3.75897e-05)
 [0,3.75899e-05)
 [0,3.76035e-05)
 [0,3.76433e-05)
 [0,3.76568e-05)
 [0,3.7749e-05)
 [0,3.77758e-05)
 [0,3.78676e-05)
 [0,3.79602e-05)
 [0,3.79733e-05)
 [0,3.80131e-05)
 [0,3.80261e-05)
 [0,3.80267e-05)
 [0,3.80534e-05)
 [0,3.80916e-05)
 [0,3.81309e-05)
 [0,3.8131e-05)
 [0,3.81312e-05)
 [0,3.81317e-05)
 [0,3.82229e-05)
 [0,3.82881e-05)
 [0,3.83016e-05)
 [0,3.83274e-05)
 [0,3.83805e-05)
 [0,3.84057e-05)
 [0,3.84181e-05)
 [0,3.85222e-05)
 [0,3.85485e-05)
 [0,3.86398e-05)
 [0,3.86531e-05)
 [0,3.87556e-05)
 [0,3.87945e-05)
 [0,3.88079e-05)
 [0,3.8885e-05)
 [0,3.89098e-05)
 [0,3.89487e-05)
 [0,3.91657e-05)
 [0,3.92165e-05)
 [0,3.92682e-05)
 [0,3.93699e-05)
 [0,3.93699e-05)
 [0,3.94208e-05)
 [0,3.94211e-05)
 [0,3.94583e-05)
 [0,3.95722e-05)
 [0,3.96359e-05)
 [0,3.9674e-05)
 [0,3.97998e-05)
 [0,4.00503e-05)
 [0,4.03239e-05)
 [0,4.03612e-05)
 [0,4.0373e-05)
 [0,4.03738e-05)
 [0,4.0435e-05)
 [0,4.04973e-05)
 [0,4.05094e-05)
 [0,4.05335e-05)
 [0,4.05715e-05)
 [0,4.07179e-05)
 [0,4.08036e-05)
 [0,4.08168e-05)
 [0,4.09143e-05)
 [0,4.09515e-05)
 [0,4.10128e-05)
 [0,4.10371e-05)
 [0,4.10602e-05)
 [0,4.10971e-05)
 [0,4.11218e-05)
 [0,4.11578e-05)
 [0,4.12066e-05)
 [0,4.14129e-05)
 [0,4.14487e-05)
 [0,4.14492e-05)
 [0,4.14847e-05)
 [0,4.17603e-05)
 [0,4.17852e-05)
 [0,4.17852e-05)
 [0,4.18081e-05)
 [0,4.18325e-05)
 [0,4.19527e-05)
 [0,4.20587e-05)
 [0,4.21187e-05)
 [0,4.22137e-05)
 [0,4.23903e-05)
 [0,4.24266e-05)
 [0,4.24968e-05)
 [0,4.26154e-05)
 [0,4.26264e-05)
 [0,4.27786e-05)
 [0,4.28715e-05)
 [0,4.28723e-05)
 [0,4.29069e-05)
 [0,4.30118e-05)
 [0,4.31387e-05)
 [0,4.31851e-05)
 [0,4.32324e-05)
 [0,4.32669e-05)
 [0,4.32896e-05)
 [0,4.32904e-05)
 [0,4.3359e-05)
 [0,4.34507e-05)
 [0,4.34733e-05)
 [0,4.35081e-05)
 [0,4.36688e-05)
 [0,4.37956e-05)
 [0,4.39095e-05)
 [0,4.39205e-05)
 [0,4.39324e-05)
 [0,4.39429e-05)
 [0,4.39432e-05)
 [0,4.41129e-05)
 [0,4.44631e-05)
 [0,4.45533e-05)
 [0,4.48775e-05)
 [0,4.51225e-05)
 [0,4.51773e-05)
 [0,4.5188e-05)
 [0,4.51888e-05)
 [0,4.52327e-05)
 [0,4.5266e-05)
 [0,4.53099e-05)
 [0,4.53985e-05)
 [0,4.55307e-05)
 [0,4.55741e-05)
 [0,4.57381e-05)
 [0,4.57498e-05)
 [0,4.58041e-05)
 [0,4.5924e-05)
 [0,4.60542e-05)
 [0,4.60548e-05)
 [0,4.62384e-05)
 [0,4.62384e-05)
 [0,4.65722e-05)
 [0,4.66262e-05)
 [0,4.67018e-05)
 [0,4.69254e-05)
 [0,4.70214e-05)
 [0,4.70432e-05)
 [0,4.7117e-05)
 [0,4.71379e-05)
 [0,4.72132e-05)
 [0,4.72759e-05)
 [0,4.73396e-05)
 [0,4.74552e-05)
 [0,4.74758e-05)
 [0,4.74764e-05)
 [0,4.755e-05)
 [0,4.76339e-05)
 [0,4.76968e-05)
 [0,4.76975e-05)
 [0,4.7707e-05)
 [0,4.77077e-05)
 [0,4.77603e-05)
 [0,4.78958e-05)
 [0,4.8021e-05)
 [0,4.81667e-05)
 [0,4.83633e-05)
 [0,4.85591e-05)
 [0,4.87438e-05)
 [0,4.8826e-05)
 [0,4.91327e-05)
 [0,4.9163e-05)
 [0,4.92648e-05)
 [0,4.92843e-05)
 [0,4.92849e-05)
 [0,4.94971e-05)
 [0,4.95277e-05)
 [0,4.96998e-05)
 [0,4.98896e-05)
 [0,5.00106e-05)
 [0,5.01001e-05)
 [0,5.0169e-05)
 [0,5.02091e-05)
 [0,5.0329e-05)
 [0,5.03784e-05)
 [0,5.07347e-05)
 [0,5.08429e-05)
 [0,5.10879e-05)
 [0,5.11956e-05)
 [0,5.12637e-05)
 [0,5.12639e-05)
 [0,5.14304e-05)
 [0,5.15649e-05)
 [0,5.1576e-05)
 [0,5.16719e-05)
 [0,5.17013e-05)
 [0,5.1711e-05)
 [0,5.18179e-05)
 [0,5.18938e-05)
 [0,5.19517e-05)
 [0,5.19811e-05)
 [0,5.24404e-05)
 [0,5.24886e-05)
 [0,5.25548e-05)
 [0,5.27446e-05)
 [0,5.29716e-05)
 [0,5.32262e-05)
 [0,5.33383e-05)
 [0,5.37499e-05)
 [0,5.39905e-05)
 [0,5.41577e-05)
 [0,5.4193e-05)
 [0,5.44336e-05)
 [0,5.45343e-05)
 [0,5.47266e-05)
 [0,5.48728e-05)
 [0,5.52267e-05)
 [0,5.54702e-05)
 [0,5.56246e-05)
 [0,5.5767e-05)
 [0,5.58034e-05)
 [0,5.58841e-05)
 [0,5.59377e-05)
 [0,5.6116e-05)
 [0,5.61783e-05)
 [0,5.63115e-05)
 [0,5.63381e-05)
 [0,5.64088e-05)
 [0,5.65517e-05)
 [0,5.68329e-05)
 [0,5.70789e-05)
 [0,5.71142e-05)
 [0,5.72271e-05)
 [0,5.73675e-05)
 [0,5.7428e-05)
 [0,5.76286e-05)
 [0,5.77057e-05)
 [0,5.78362e-05)
 [0,5.79826e-05)
 [0,5.80346e-05)
 [0,5.80434e-05)
 [0,5.80775e-05)
 [0,5.81283e-05)
 [0,5.82584e-05)
 [0,5.84634e-05)
 [0,5.84722e-05)
 [0,5.84981e-05)
 [0,5.85406e-05)
 [0,5.88046e-05)
 [0,5.88814e-05)
 [0,5.89408e-05)
 [0,5.8966e-05)
 [0,5.91689e-05)
 [0,5.97159e-05)
 [0,5.97161e-05)
 [0,5.97583e-05)
 [0,6.00922e-05)
 [0,6.02412e-05)
 [0,6.0316e-05)
 [0,6.0374e-05)
 [0,6.05396e-05)
 [0,6.05726e-05)
 [0,6.0614e-05)
 [0,6.12214e-05)
 [0,6.13995e-05)
 [0,6.15137e-05)
 [0,6.16441e-05)
 [0,6.18462e-05)
 [0,6.18546e-05)
 [0,6.22013e-05)
 [0,6.23381e-05)
 [0,6.23694e-05)
 [0,6.24018e-05)
 [0,6.24577e-05)
 [0,6.2522e-05)
 [0,6.26895e-05)
 [0,6.27695e-05)
 [0,6.30717e-05)
 [0,6.32059e-05)
 [0,6.32534e-05)
 [0,6.3514e-05)
 [0,6.35685e-05)
 [0,6.36e-05)
 [0,6.42729e-05)
 [0,6.43426e-05)
 [0,6.4358e-05)
 [0,6.45986e-05)
 [0,6.46842e-05)
 [0,6.47837e-05)
 [0,6.53988e-05)
 [0,6.5445e-05)
 [0,6.55748e-05)
 [0,6.59319e-05)
 [0,6.67091e-05)
 [0,6.67979e-05)
 [0,6.68351e-05)
 [0,6.68511e-05)
 [0,6.69948e-05)
 [0,6.71118e-05)
 [0,6.7313e-05)
 [0,6.74465e-05)
 [0,6.80589e-05)
 [0,6.83517e-05)
 [0,6.86814e-05)
 [0,6.87384e-05)
 [0,6.90577e-05)
 [0,6.91729e-05)
 [0,6.91737e-05)
 [0,6.92099e-05)
 [0,6.93621e-05)
 [0,6.94405e-05)
 [0,6.95839e-05)
 [0,6.96635e-05)
 [0,6.98145e-05)
 [0,6.98721e-05)
 [0,7.06751e-05)
 [0,7.06751e-05)
 [0,7.08873e-05)
 [0,7.13657e-05)
 [0,7.14494e-05)
 [0,7.14562e-05)
 [0,7.18056e-05)
 [0,7.19159e-05)
 [0,7.20211e-05)
 [0,7.20832e-05)
 [0,7.22083e-05)
 [0,7.26496e-05)
 [0,7.28075e-05)
 [0,7.28625e-05)
 [0,7.29244e-05)
 [0,7.35185e-05)
 [0,7.35792e-05)
 [0,7.3817e-05)
 [0,7.47597e-05)
 [0,7.49801e-05)
 [0,7.51396e-05)
 [0,7.52129e-05)
 [0,7.52255e-05)
 [0,7.53327e-05)
 [0,7.62438e-05)
 [0,7.63022e-05)
 [0,7.65764e-05)
 [0,7.65767e-05)
 [0,7.66163e-05)
 [0,7.68766e-05)
 [0,7.73174e-05)
 [0,7.80639e-05)
 [0,7.92647e-05)
 [0,7.96299e-05)
 [0,7.98373e-05)
 [0,7.99873e-05)
 [0,8.01562e-05)
 [0,8.03054e-05)
 [0,8.06038e-05)
 [0,8.06287e-05)
 [0,8.09506e-05)
 [0,8.10987e-05)
 [0,8.14438e-05)
 [0,8.16941e-05)
 [0,8.19449e-05)
 [0,8.22981e-05)
 [0,8.28608e-05)
 [0,8.36539e-05)
 [0,8.38395e-05)
 [0,8.38693e-05)
 [0,8.50292e-05)
 [0,8.51708e-05)
 [0,8.52639e-05)
 [0,8.53288e-05)
 [0,8.54336e-05)
 [0,8.54458e-05)
 [0,8.64929e-05)
 [0,8.66082e-05)
 [0,8.66999e-05)
 [0,8.69137e-05)
 [0,8.73904e-05)
 [0,8.76662e-05)
 [0,8.81198e-05)
 [0,8.84595e-05)
 [0,8.87072e-05)
 [0,8.94762e-05)
 [0,8.96039e-05)
 [0,8.97606e-05)
 [0,8.98273e-05)
 [0,8.98499e-05)
 [0,9.08356e-05)
 [0,9.10716e-05)
 [0,9.21199e-05)
 [0,9.22503e-05)
 [0,9.31338e-05)
 [0,9.34023e-05)
 [0,9.3686e-05)
 [0,9.40531e-05)
 [0,9.41328e-05)
 [0,9.41534e-05)
 [0,9.50153e-05)
 [0,9.55453e-05)
 [0,9.56341e-05)
 [0,9.71286e-05)
 [0,9.73455e-05)
 [0,9.74115e-05)
 [0,9.87368e-05)
 [0,9.9136e-05)
 [0,9.96445e-05)
 [0,9.97293e-05)
 [0,0.000100165)
 [0,0.000100249)
 [0,0.000100786)
 [0,0.000101603)
 [0,0.000102098)
 [0,0.000102279)
 [0,0.000102323)
 [0,0.000102475)
 [0,0.000103354)
 [0,0.000103369)
 [0,0.000103712)
 [0,0.000103744)
 [0,0.000104106)
 [0,0.000104254)
 [0,0.000104317)
 [0,0.000104523)
 [0,0.000106226)
 [0,0.000106967)
 [0,0.000108282)
 [0,0.000108785)
 [0,0.000108921)
 [0,0.000109142)
 [0,0.000110161)
 [0,0.000110444)
 [0,0.00011058)
 [0,0.000110928)
 [0,0.000111068)
 [0,0.000111225)
 [0,0.000111986)
 [0,0.000111988)
 [0,0.000114066)
 [0,0.000114626)
 [0,0.000118368)
 [0,0.000118781)
 [0,0.000119858)
 [0,0.000121959)
 [0,0.000122127)
 [0,0.000122173)
 [0,0.000122237)
 [0,0.000124233)
 [0,0.000124487)
 [0,0.000124516)
 [0,0.000124559)
 [0,0.000125802)
 [0,0.000126198)
 [0,0.000126415)
 [0,0.000126721)
 [0,0.000128648)
 [0,0.000128938)
 [0,0.000129299)
 [0,0.000129808)
 [0,0.000130453)
 [0,0.000130924)
 [0,0.000131009)
 [0,0.00013302)
 [0,0.000134153)
 [0,0.000136166)
 [0,0.00013618)
 [0,0.000138056)
 [0,0.000139002)
 [0,0.000141488)
 [0,0.000142007)
 [0,0.000142447)
 [0,0.00014258)
 [0,0.000146417)
 [0,0.00014772)
 [0,0.00014777)
 [0,0.000148192)
 [0,0.000149455)
 [0,0.00015005)
 [0,0.000151281)
 [0,0.000152112)
 [0,0.000154305)
 [0,0.000158234)
 [0,0.000160291)
 [0,0.000160341)
 [0,0.000161274)
 [0,0.0001622)
 [0,0.000162966)
 [0,0.000165272)
 [0,0.000167048)
 [0,0.000168119)
 [0,0.000172435)
 [0,0.0001733)
 [0,0.000173972)
 [0,0.000175049)
 [0,0.000175258)
 [0,0.000175613)
 [0,0.000178935)
 [0,0.000180056)
 [0,0.000181041)
 [0,0.000191108)
 [0,0.000196497)
 [0,0.000196626)
 [0,0.000211798)
 [0,0.000214814)
 [0,0.000218005)
 [0,0.000218541)
 [0,0.000218894)
 [0,0.000223324)
 [0,0.000228792)
 [0,0.000231372)
 [0,0.000244599)
 [0,0.000244863)
 [0,0.000245693)
 [0,0.000246485)
 [0,0.000247036)
 [0,0.000253654)
 [0,0.000254281)
 [0,0.000257126)
 [0,0.000265617)
 [0,0.000267119)
 [0,0.000273463)
 [0,0.000284024)
 [0,0.000285597)
 [0,0.000289817)
 [0,0.000295751)
 [0,0.00029919)
 [0,0.000301322)
 [0,0.000303718)
 [0,0.000307178)
 [0,0.000312008)
 [0,0.000314441)
 [0,0.000322851)
 [0,0.000329947)
 [0,0.000332394)
 [0,0.000333175)
 [0,0.000355271)
 [0,0.000355757)
 [0,0.000362272)
 [0,0.000395716)
 [0,0.000399239)
 [0,0.000399373)
 [0,0.000401505)
 [0,0.000403124)
 [0,0.000405682)
 [0,0.000411882)
 [0,0.000426497)
 [0,0.000435203)
 [0,0.000438145)
 [0,0.000448478)
 [0,0.000448759)
 [0,0.000495413)
 [0,0.000517357)
 [0,0.000538935)
 [0,0.000570355)
 [0,0.000608364)
 [0,0.000621589)
 [0,0.000631147)
 [0,0.000637191)
 [0,0.000646304)
 [0,0.000654243)
 [0,0.000669354)
 [0,0.000709389)
 [0,0.000712476)
 [0,0.000743997)
 [0,0.000744455)
 [0,0.000818322)
 [0,0.000884788)
 [0,0.000900908)
 [0,0.000935476)
 [0,0.0009371)
 [0,0.000970429)
 [0,0.00106179)
 [0,0.00110593)
 [0,0.00110778)
 [0,0.00113775)
 [0,0.00117864)
 [0,0.00123884)
 [0,0.00129462)
 [0,0.00134321)
 [0,0.00142616)
 [0,0.00145925)
 [0,0.00151522)
 [0,0.00159574)
 [0,0.00161943)
 [0,0.00175255)
 [0,0.00177952)
 [0,0.00227316)
 [0,0.00380656)
 [0,0.00408358)
 [0,0.00409875)
 [0,0.00511603)
 [0,0.00616276)
 [0,0.00852027)
 [0,0.010547)
 [0,0.0131913)
 [0,0.0135728)
 [0,0.0141353)
 [0,0.0174628)
 [0,0.0205515)
 [0,0.0228986)
 [0,0.0262363)
 [0,0.0263214)
 [0,0.027647)
 [0,0.0288849)
 [0,0.0294857)
 [0,0.0305162)
 [0,0.0326047)
 [0,0.0327061)
 [0,0.0507538)
 [0,0.0539228)
 [0,0.0612824)
 [0,0.0664593)
 [0,0.066732)
 [0,0.0705282)
 [0,0.0767086)
 [0,0.080864)
 [0,0.0840306)
 [0,0.0988058)
 [0,0.10516)
 [0,0.114968)
 [0,0.124467)
 [0,0.144764)
 [0,0.162513)
 [0,0.168631)
 [0,0.245865)
 [0,0.247057)
 [0, )
