persistence intervals in dim 0:
 [0,5.47684e-06)
 [0,5.83076e-06)
 [0,7.00035e-06)
 [0,7.54943e-06)
 [0,1.09989e-05)
 [0,1.14457e-05)
 [0,1.1705e-05)
 [0,1.30384e-05)
 [0,1.34171e-05)
 [0,1.34527e-05)
 [0,1.34904e-05)
 [0,1.39634e-05)
 [0,1.45939e-05)
 [0,1.53619e-05)
 [0,1.59072e-05)
 [0,1.64317e-05)
 [0,1.68234e-05)
 [0,1.77198e-05)
 [0,1.77212e-05)
 [0,1.86023e-05)
 [0,1.87879e-05)
 [0,1.88948e-05)
 [0,1.892e-05)
 [0,1.90001e-05)
 [0,1.92869e-05)
 [0,1.92877e-05)
 [0,2.0026e-05)
 [0,2.05423e-05)
 [0,2.09989e-05)
 [0,2.11185e-05)
 [0,2.11193e-05)
 [0,2.119e-05)
 [0,2.13549e-05)
 [0,2.14005e-05)
 [0,2.16791e-05)
 [0,2.17493e-05)
 [0,2.19329e-05)
 [0,2.19771e-05)
 [0,2.19776e-05)
 [0,2.20905e-05)
 [0,2.21581e-05)
 [0,2.22263e-05)
 [0,2.22932e-05)
 [0,2.23602e-05)
 [0,2.24943e-05)
 [0,2.25171e-05)
 [0,2.30211e-05)
 [0,2.30211e-05)
 [0,2.30217e-05)
 [0,2.32163e-05)
 [0,2.3281e-05)
 [0,2.33677e-05)
 [0,2.3621e-05)
 [0,2.36225e-05)
 [0,2.36854e-05)
 [0,2.38533e-05)
 [0,2.38534e-05)
 [0,2.39582e-05)
 [0,2.41664e-05)
 [0,2.44136e-05)
 [0,2.45969e-05)
 [0,2.47184e-05)
 [0,2.47781e-05)
 [0,2.53961e-05)
 [0,2.54574e-05)
 [0,2.5515e-05)
 [0,2.5554e-05)
 [0,2.56897e-05)
 [0,2.573e-05)
 [0,2.57301e-05)
 [0,2.58653e-05)
 [0,2.61921e-05)
 [0,2.62863e-05)
 [0,2.64194e-05)
 [0,2.64383e-05)
 [0,2.64759e-05)
 [0,2.64958e-05)
 [0,2.66265e-05)
 [0,2.66267e-05)
 [0,2.67191e-05)
 [0,2.67203e-05)
 [0,2.68705e-05)
 [0,2.71473e-05)
 [0,2.71658e-05)
 [0,2.72775e-05)
 [0,2.73126e-05)
 [0,2.73318e-05)
 [0,2.73676e-05)
 [0,2.75135e-05)
 [0,2.75848e-05)
 [0,2.75856e-05)
 [0,2.76757e-05)
 [0,2.76766e-05)
 [0,2.77484e-05)
 [0,2.78037e-05)
 [0,2.79462e-05)
 [0,2.83022e-05)
 [0,2.83725e-05)
 [0,2.83911e-05)
 [0,2.84428e-05)
 [0,2.84431e-05)
 [0,2.8653e-05)
 [0,2.89819e-05)
 [0,2.92245e-05)
 [0,2.9478e-05)
 [0,2.96155e-05)
 [0,2.96801e-05)
 [0,2.96819e-05)
 [0,3.00146e-05)
 [0,3.00995e-05)
 [0,3.02808e-05)
 [0,3.04135e-05)
 [0,3.04299e-05)
 [0,3.04789e-05)
 [0,3.04794e-05)
 [0,3.04947e-05)
 [0,3.04963e-05)
 [0,3.05457e-05)
 [0,3.05613e-05)
 [0,3.06109e-05)
 [0,3.06767e-05)
 [0,3.11606e-05)
 [0,3.12728e-05)
 [0,3.14631e-05)
 [0,3.15277e-05)
 [0,3.15601e-05)
 [0,3.1796e-05)
 [0,3.17964e-05)
 [0,3.18426e-05)
 [0,3.19063e-05)
 [0,3.19204e-05)
 [0,3.20323e-05)
 [0,3.20783e-05)
 [0,3.20791e-05)
 [0,3.21404e-05)
 [0,3.21872e-05)
 [0,3.22493e-05)
 [0,3.24498e-05)
 [0,3.25272e-05)
 [0,3.2542e-05)
 [0,3.26184e-05)
 [0,3.26947e-05)
 [0,3.27104e-05)
 [0,3.27104e-05)
 [0,3.28941e-05)
 [0,3.29544e-05)
 [0,3.33021e-05)
 [0,3.34211e-05)
 [0,3.35273e-05)
 [0,3.35573e-05)
 [0,3.36747e-05)
 [0,3.37193e-05)
 [0,3.37206e-05)
 [0,3.37772e-05)
 [0,3.38525e-05)
 [0,3.42492e-05)
 [0,3.47266e-05)
 [0,3.47865e-05)
 [0,3.4886e-05)
 [0,3.49135e-05)
 [0,3.49561e-05)
 [0,3.4957e-05)
 [0,3.49855e-05)
 [0,3.51429e-05)
 [0,3.51852e-05)
 [0,3.51858e-05)
 [0,3.53553e-05)
 [0,3.54406e-05)
 [0,3.54558e-05)
 [0,3.5581e-05)
 [0,3.5679e-05)
 [0,3.56921e-05)
 [0,3.57477e-05)
 [0,3.58332e-05)
 [0,3.59022e-05)
 [0,3.5903e-05)
 [0,3.62347e-05)
 [0,3.62355e-05)
 [0,3.6277e-05)
 [0,3.62914e-05)
 [0,3.64827e-05)
 [0,3.64831e-05)
 [0,3.65648e-05)
 [0,3.6566e-05)
 [0,3.66192e-05)
 [0,3.662e-05)
 [0,3.67693e-05)
 [0,3.6782e-05)
 [0,3.67964e-05)
 [0,3.67965e-05)
 [0,3.68923e-05)
 [0,3.69328e-05)
 [0,3.6986e-05)
 [0,3.69862e-05)
 [0,3.70013e-05)
 [0,3.71631e-05)
 [0,3.72162e-05)
 [0,3.72435e-05)
 [0,3.77496e-05)
 [0,3.7802e-05)
 [0,3.78029e-05)
 [0,3.78548e-05)
 [0,3.78804e-05)
 [0,3.80248e-05)
 [0,3.80522e-05)
 [0,3.8078e-05)
 [0,3.81062e-05)
 [0,3.8275e-05)
 [0,3.83933e-05)
 [0,3.84434e-05)
 [0,3.84707e-05)
 [0,3.86009e-05)
 [0,3.86265e-05)
 [0,3.8755e-05)
 [0,3.90249e-05)
 [0,3.90385e-05)
 [0,3.91023e-05)
 [0,3.92555e-05)
 [0,3.94093e-05)
 [0,3.94473e-05)
 [0,3.95093e-05)
 [0,3.95223e-05)
 [0,3.95721e-05)
 [0,3.97119e-05)
 [0,3.98633e-05)
 [0,3.98636e-05)
 [0,4.00003e-05)
 [0,4.00125e-05)
 [0,4.01746e-05)
 [0,4.03729e-05)
 [0,4.04231e-05)
 [0,4.04723e-05)
 [0,4.04727e-05)
 [0,4.06326e-05)
 [0,4.06943e-05)
 [0,4.07183e-05)
 [0,4.07184e-05)
 [0,4.07184e-05)
 [0,4.0817e-05)
 [0,4.1049e-05)
 [0,4.10501e-05)
 [0,4.10603e-05)
 [0,4.11095e-05)
 [0,4.11453e-05)
 [0,4.12198e-05)
 [0,4.12431e-05)
 [0,4.12916e-05)
 [0,4.14487e-05)
 [0,4.16172e-05)
 [0,4.16293e-05)
 [0,4.17022e-05)
 [0,4.17377e-05)
 [0,4.18331e-05)
 [0,4.19519e-05)
 [0,4.19762e-05)
 [0,4.20239e-05)
 [0,4.21787e-05)
 [0,4.22018e-05)
 [0,4.2309e-05)
 [0,4.24614e-05)
 [0,4.24963e-05)
 [0,4.24964e-05)
 [0,4.24973e-05)
 [0,4.25311e-05)
 [0,4.25559e-05)
 [0,4.2627e-05)
 [0,4.28731e-05)
 [0,4.29531e-05)
 [0,4.31505e-05)
 [0,4.31513e-05)
 [0,4.31737e-05)
 [0,4.32787e-05)
 [0,4.33017e-05)
 [0,4.3369e-05)
 [0,4.33694e-05)
 [0,4.33921e-05)
 [0,4.35434e-05)
 [0,4.35543e-05)
 [0,4.36466e-05)
 [0,4.36573e-05)
 [0,4.37835e-05)
 [0,4.38752e-05)
 [0,4.38754e-05)
 [0,4.40685e-05)
 [0,4.41135e-05)
 [0,4.41244e-05)
 [0,4.41256e-05)
 [0,4.41821e-05)
 [0,4.43839e-05)
 [0,4.44185e-05)
 [0,4.46989e-05)
 [0,4.4732e-05)
 [0,4.49334e-05)
 [0,4.4934e-05)
 [0,4.51005e-05)
 [0,4.51658e-05)
 [0,4.51777e-05)
 [0,4.52009e-05)
 [0,4.5321e-05)
 [0,4.53538e-05)
 [0,4.53546e-05)
 [0,4.53976e-05)
 [0,4.57071e-05)
 [0,4.57161e-05)
 [0,4.58477e-05)
 [0,4.60542e-05)
 [0,4.62811e-05)
 [0,4.63146e-05)
 [0,4.64115e-05)
 [0,4.66581e-05)
 [0,4.66898e-05)
 [0,4.67867e-05)
 [0,4.67872e-05)
 [0,4.6788e-05)
 [0,4.68399e-05)
 [0,4.69039e-05)
 [0,4.70424e-05)
 [0,4.70753e-05)
 [0,4.71705e-05)
 [0,4.71806e-05)
 [0,4.72118e-05)
 [0,4.72439e-05)
 [0,4.72642e-05)
 [0,4.73908e-05)
 [0,4.73932e-05)
 [0,4.76435e-05)
 [0,4.77284e-05)
 [0,4.78116e-05)
 [0,4.78853e-05)
 [0,4.78861e-05)
 [0,4.78955e-05)
 [0,4.80091e-05)
 [0,4.80619e-05)
 [0,4.80626e-05)
 [0,4.81667e-05)
 [0,4.82071e-05)
 [0,4.82188e-05)
 [0,4.82603e-05)
 [0,4.82715e-05)
 [0,4.84675e-05)
 [0,4.85182e-05)
 [0,4.8631e-05)
 [0,4.87049e-05)
 [0,4.89284e-05)
 [0,4.91317e-05)
 [0,4.92648e-05)
 [0,4.92844e-05)
 [0,4.93658e-05)
 [0,4.94363e-05)
 [0,4.95284e-05)
 [0,4.95385e-05)
 [0,4.97694e-05)
 [0,4.98309e-05)
 [0,4.98611e-05)
 [0,4.98905e-05)
 [0,4.98907e-05)
 [0,4.991e-05)
 [0,4.998e-05)
 [0,4.99895e-05)
 [0,5.00701e-05)
 [0,5.00889e-05)
 [0,5.017e-05)
 [0,5.03097e-05)
 [0,5.03384e-05)
 [0,5.0339e-05)
 [0,5.03581e-05)
 [0,5.04475e-05)
 [0,5.0457e-05)
 [0,5.05272e-05)
 [0,5.06055e-05)
 [0,5.07249e-05)
 [0,5.07555e-05)
 [0,5.08514e-05)
 [0,5.10883e-05)
 [0,5.12254e-05)
 [0,5.13901e-05)
 [0,5.1391e-05)
 [0,5.14199e-05)
 [0,5.14387e-05)
 [0,5.14597e-05)
 [0,5.15757e-05)
 [0,5.16627e-05)
 [0,5.17204e-05)
 [0,5.18753e-05)
 [0,5.18935e-05)
 [0,5.19216e-05)
 [0,5.19329e-05)
 [0,5.19339e-05)
 [0,5.20385e-05)
 [0,5.20479e-05)
 [0,5.224e-05)
 [0,5.2277e-05)
 [0,5.23349e-05)
 [0,5.23358e-05)
 [0,5.23454e-05)
 [0,5.25542e-05)
 [0,5.25832e-05)
 [0,5.26211e-05)
 [0,5.26593e-05)
 [0,5.27818e-05)
 [0,5.30196e-05)
 [0,5.318e-05)
 [0,5.32915e-05)
 [0,5.33005e-05)
 [0,5.34886e-05)
 [0,5.37692e-05)
 [0,5.38245e-05)
 [0,5.42126e-05)
 [0,5.4213e-05)
 [0,5.42861e-05)
 [0,5.43041e-05)
 [0,5.43047e-05)
 [0,5.43605e-05)
 [0,5.44057e-05)
 [0,5.44512e-05)
 [0,5.44518e-05)
 [0,5.4536e-05)
 [0,5.45981e-05)
 [0,5.47719e-05)
 [0,5.49006e-05)
 [0,5.49546e-05)
 [0,5.50462e-05)
 [0,5.50725e-05)
 [0,5.52345e-05)
 [0,5.52541e-05)
 [0,5.55523e-05)
 [0,5.56155e-05)
 [0,5.56696e-05)
 [0,5.58391e-05)
 [0,5.60086e-05)
 [0,5.61512e-05)
 [0,5.61777e-05)
 [0,5.62573e-05)
 [0,5.63123e-05)
 [0,5.63388e-05)
 [0,5.64097e-05)
 [0,5.64801e-05)
 [0,5.66226e-05)
 [0,5.66745e-05)
 [0,5.68333e-05)
 [0,5.69204e-05)
 [0,5.69207e-05)
 [0,5.70004e-05)
 [0,5.70174e-05)
 [0,5.7042e-05)
 [0,5.7159e-05)
 [0,5.73486e-05)
 [0,5.74382e-05)
 [0,5.74624e-05)
 [0,5.7489e-05)
 [0,5.75681e-05)
 [0,5.76275e-05)
 [0,5.77046e-05)
 [0,5.77064e-05)
 [0,5.77317e-05)
 [0,5.77335e-05)
 [0,5.77925e-05)
 [0,5.80866e-05)
 [0,5.81133e-05)
 [0,5.82589e-05)
 [0,5.83182e-05)
 [0,5.83353e-05)
 [0,5.83444e-05)
 [0,5.83956e-05)
 [0,5.85912e-05)
 [0,5.86601e-05)
 [0,5.86852e-05)
 [0,5.87453e-05)
 [0,5.89587e-05)
 [0,5.89996e-05)
 [0,5.90009e-05)
 [0,5.90169e-05)
 [0,5.9084e-05)
 [0,5.93035e-05)
 [0,5.93462e-05)
 [0,5.95323e-05)
 [0,5.954e-05)
 [0,5.95736e-05)
 [0,5.96224e-05)
 [0,5.96486e-05)
 [0,5.96911e-05)
 [0,5.97084e-05)
 [0,5.98423e-05)
 [0,5.98495e-05)
 [0,5.98511e-05)
 [0,6.00419e-05)
 [0,6.00909e-05)
 [0,6.02405e-05)
 [0,6.07134e-05)
 [0,6.07366e-05)
 [0,6.07371e-05)
 [0,6.08442e-05)
 [0,6.08779e-05)
 [0,6.09021e-05)
 [0,6.09099e-05)
 [0,6.09346e-05)
 [0,6.10323e-05)
 [0,6.12042e-05)
 [0,6.1303e-05)
 [0,6.15226e-05)
 [0,6.16033e-05)
 [0,6.16131e-05)
 [0,6.17566e-05)
 [0,6.18137e-05)
 [0,6.20156e-05)
 [0,6.20403e-05)
 [0,6.20812e-05)
 [0,6.21848e-05)
 [0,6.22003e-05)
 [0,6.24899e-05)
 [0,6.24993e-05)
 [0,6.27531e-05)
 [0,6.2873e-05)
 [0,6.28734e-05)
 [0,6.31357e-05)
 [0,6.31828e-05)
 [0,6.32299e-05)
 [0,6.32304e-05)
 [0,6.33322e-05)
 [0,6.34366e-05)
 [0,6.34822e-05)
 [0,6.35215e-05)
 [0,6.35454e-05)
 [0,6.3562e-05)
 [0,6.35674e-05)
 [0,6.36861e-05)
 [0,6.37109e-05)
 [0,6.37571e-05)
 [0,6.38906e-05)
 [0,6.39225e-05)
 [0,6.40309e-05)
 [0,6.41722e-05)
 [0,6.41945e-05)
 [0,6.42271e-05)
 [0,6.44743e-05)
 [0,6.45209e-05)
 [0,6.45291e-05)
 [0,6.45446e-05)
 [0,6.46685e-05)
 [0,6.46926e-05)
 [0,6.48912e-05)
 [0,6.49146e-05)
 [0,6.50378e-05)
 [0,6.50694e-05)
 [0,6.52221e-05)
 [0,6.52607e-05)
 [0,6.53076e-05)
 [0,6.53372e-05)
 [0,6.54287e-05)
 [0,6.55823e-05)
 [0,6.55895e-05)
 [0,6.5711e-05)
 [0,6.57941e-05)
 [0,6.58709e-05)
 [0,6.58785e-05)
 [0,6.58865e-05)
 [0,6.6017e-05)
 [0,6.62868e-05)
 [0,6.63486e-05)
 [0,6.63543e-05)
 [0,6.63771e-05)
 [0,6.65579e-05)
 [0,6.67146e-05)
 [0,6.6761e-05)
 [0,6.67768e-05)
 [0,6.68512e-05)
 [0,6.69628e-05)
 [0,6.70015e-05)
 [0,6.70374e-05)
 [0,6.70595e-05)
 [0,6.72906e-05)
 [0,6.73656e-05)
 [0,6.74246e-05)
 [0,6.75947e-05)
 [0,6.76013e-05)
 [0,6.79409e-05)
 [0,6.79628e-05)
 [0,6.80148e-05)
 [0,6.81455e-05)
 [0,6.81832e-05)
 [0,6.82056e-05)
 [0,6.84251e-05)
 [0,6.8476e-05)
 [0,6.85123e-05)
 [0,6.86211e-05)
 [0,6.87374e-05)
 [0,6.88252e-05)
 [0,6.88833e-05)
 [0,6.8999e-05)
 [0,6.9036e-05)
 [0,6.90363e-05)
 [0,6.90574e-05)
 [0,6.90944e-05)
 [0,6.91231e-05)
 [0,6.91966e-05)
 [0,6.93178e-05)
 [0,6.9326e-05)
 [0,6.93756e-05)
 [0,6.94033e-05)
 [0,6.95485e-05)
 [0,7.00712e-05)
 [0,7.00996e-05)
 [0,7.0178e-05)
 [0,7.0326e-05)
 [0,7.03711e-05)
 [0,7.04343e-05)
 [0,7.05211e-05)
 [0,7.07882e-05)
 [0,7.0802e-05)
 [0,7.09513e-05)
 [0,7.09642e-05)
 [0,7.10281e-05)
 [0,7.10353e-05)
 [0,7.10913e-05)
 [0,7.11353e-05)
 [0,7.13164e-05)
 [0,7.13714e-05)
 [0,7.15048e-05)
 [0,7.15059e-05)
 [0,7.15411e-05)
 [0,7.16183e-05)
 [0,7.16435e-05)
 [0,7.17368e-05)
 [0,7.17369e-05)
 [0,7.2187e-05)
 [0,7.23467e-05)
 [0,7.23532e-05)
 [0,7.25669e-05)
 [0,7.25932e-05)
 [0,7.26486e-05)
 [0,7.26778e-05)
 [0,7.29251e-05)
 [0,7.31574e-05)
 [0,7.32334e-05)
 [0,7.32724e-05)
 [0,7.33552e-05)
 [0,7.34644e-05)
 [0,7.3518e-05)
 [0,7.37904e-05)
 [0,7.40883e-05)
 [0,7.41958e-05)
 [0,7.41968e-05)
 [0,7.49603e-05)
 [0,7.51265e-05)
 [0,7.51727e-05)
 [0,7.52991e-05)
 [0,7.54857e-05)
 [0,7.55051e-05)
 [0,7.55447e-05)
 [0,7.59004e-05)
 [0,7.59074e-05)
 [0,7.59674e-05)
 [0,7.61255e-05)
 [0,7.6133e-05)
 [0,7.64265e-05)
 [0,7.64785e-05)
 [0,7.65576e-05)
 [0,7.68231e-05)
 [0,7.7006e-05)
 [0,7.71294e-05)
 [0,7.72723e-05)
 [0,7.7427e-05)
 [0,7.75176e-05)
 [0,7.77253e-05)
 [0,7.78213e-05)
 [0,7.81349e-05)
 [0,7.84937e-05)
 [0,7.85749e-05)
 [0,7.86697e-05)
 [0,7.89554e-05)
 [0,7.90777e-05)
 [0,7.91197e-05)
 [0,7.93271e-05)
 [0,7.93336e-05)
 [0,7.93666e-05)
 [0,7.95177e-05)
 [0,7.96874e-05)
 [0,7.96876e-05)
 [0,7.99869e-05)
 [0,8.03879e-05)
 [0,8.04303e-05)
 [0,8.05113e-05)
 [0,8.07636e-05)
 [0,8.0808e-05)
 [0,8.08771e-05)
 [0,8.1148e-05)
 [0,8.13693e-05)
 [0,8.16947e-05)
 [0,8.20426e-05)
 [0,8.23341e-05)
 [0,8.23956e-05)
 [0,8.25171e-05)
 [0,8.25288e-05)
 [0,8.25901e-05)
 [0,8.30242e-05)
 [0,8.32225e-05)
 [0,8.33129e-05)
 [0,8.34325e-05)
 [0,8.35344e-05)
 [0,8.35817e-05)
 [0,8.37692e-05)
 [0,8.40288e-05)
 [0,8.4208e-05)
 [0,8.4345e-05)
 [0,8.44041e-05)
 [0,8.44813e-05)
 [0,8.48886e-05)
 [0,8.50991e-05)
 [0,8.51011e-05)
 [0,8.51985e-05)
 [0,8.5424e-05)
 [0,8.56206e-05)
 [0,8.56621e-05)
 [0,8.5761e-05)
 [0,8.58485e-05)
 [0,8.61228e-05)
 [0,8.61679e-05)
 [0,8.6458e-05)
 [0,8.66144e-05)
 [0,8.67007e-05)
 [0,8.68288e-05)
 [0,8.70916e-05)
 [0,8.72125e-05)
 [0,8.72995e-05)
 [0,8.74634e-05)
 [0,8.7579e-05)
 [0,8.77886e-05)
 [0,8.79131e-05)
 [0,8.83802e-05)
 [0,8.8578e-05)
 [0,8.86569e-05)
 [0,8.86841e-05)
 [0,8.89391e-05)
 [0,8.90277e-05)
 [0,8.91004e-05)
 [0,8.94147e-05)
 [0,8.97221e-05)
 [0,8.98277e-05)
 [0,8.98876e-05)
 [0,9.02104e-05)
 [0,9.0686e-05)
 [0,9.06978e-05)
 [0,9.10275e-05)
 [0,9.12193e-05)
 [0,9.13126e-05)
 [0,9.13731e-05)
 [0,9.15477e-05)
 [0,9.19458e-05)
 [0,9.19725e-05)
 [0,9.21345e-05)
 [0,9.2221e-05)
 [0,9.22428e-05)
 [0,9.24335e-05)
 [0,9.25699e-05)
 [0,9.26603e-05)
 [0,9.27206e-05)
 [0,9.27908e-05)
 [0,9.30859e-05)
 [0,9.31934e-05)
 [0,9.31992e-05)
 [0,9.33499e-05)
 [0,9.36051e-05)
 [0,9.41753e-05)
 [0,9.43079e-05)
 [0,9.4308e-05)
 [0,9.44943e-05)
 [0,9.4578e-05)
 [0,9.47474e-05)
 [0,9.47685e-05)
 [0,9.5022e-05)
 [0,9.50524e-05)
 [0,9.57183e-05)
 [0,9.58901e-05)
 [0,9.59053e-05)
 [0,9.62243e-05)
 [0,9.62589e-05)
 [0,9.62754e-05)
 [0,9.64056e-05)
 [0,9.64835e-05)
 [0,9.65512e-05)
 [0,9.65727e-05)
 [0,9.67985e-05)
 [0,9.69284e-05)
 [0,9.72614e-05)
 [0,9.73908e-05)
 [0,9.74368e-05)
 [0,9.806e-05)
 [0,9.85901e-05)
 [0,9.85954e-05)
 [0,9.86757e-05)
 [0,9.88889e-05)
 [0,9.90266e-05)
 [0,9.91071e-05)
 [0,9.92418e-05)
 [0,9.92863e-05)
 [0,9.93264e-05)
 [0,9.94046e-05)
 [0,9.96686e-05)
 [0,0.000100866)
 [0,0.000101004)
 [0,0.000101083)
 [0,0.000101163)
 [0,0.000101556)
 [0,0.000101627)
 [0,0.000101675)
 [0,0.000102059)
 [0,0.000102064)
 [0,0.000102338)
 [0,0.000102435)
 [0,0.000102902)
 [0,0.000103023)
 [0,0.000103097)
 [0,0.000103352)
 [0,0.000103368)
 [0,0.000103908)
 [0,0.000104403)
 [0,0.000104847)
 [0,0.000105488)
 [0,0.000105669)
 [0,0.000106061)
 [0,0.000106213)
 [0,0.000106235)
 [0,0.000107233)
 [0,0.00010749)
 [0,0.000107605)
 [0,0.00010801)
 [0,0.000108776)
 [0,0.000108986)
 [0,0.000109407)
 [0,0.000110131)
 [0,0.000110493)
 [0,0.000111022)
 [0,0.000111229)
 [0,0.000111773)
 [0,0.000112401)
 [0,0.000112824)
 [0,0.000113244)
 [0,0.000114076)
 [0,0.00011439)
 [0,0.000114511)
 [0,0.000114869)
 [0,0.000115112)
 [0,0.000115953)
 [0,0.000116198)
 [0,0.000116893)
 [0,0.000117018)
 [0,0.000117038)
 [0,0.000117519)
 [0,0.000117541)
 [0,0.000117804)
 [0,0.000117889)
 [0,0.000118078)
 [0,0.000119407)
 [0,0.000120291)
 [0,0.000120374)
 [0,0.000121676)
 [0,0.0001225)
 [0,0.000123345)
 [0,0.000123361)
 [0,0.000123982)
 [0,0.000124053)
 [0,0.000124535)
 [0,0.000125973)
 [0,0.000126404)
 [0,0.00012691)
 [0,0.000127015)
 [0,0.000127457)
 [0,0.00012816)
 [0,0.000128167)
 [0,0.000128331)
 [0,0.000128579)
 [0,0.000128985)
 [0,0.00012905)
 [0,0.000129066)
 [0,0.000129541)
 [0,0.000132593)
 [0,0.000133198)
 [0,0.000134907)
 [0,0.000137011)
 [0,0.000137463)
 [0,0.000138007)
 [0,0.000138076)
 [0,0.000138323)
 [0,0.000140047)
 [0,0.000140121)
 [0,0.000140303)
 [0,0.000140349)
 [0,0.000141523)
 [0,0.000141821)
 [0,0.000142513)
 [0,0.00014331)
 [0,0.000145795)
 [0,0.00014592)
 [0,0.000146635)
 [0,0.000147841)
 [0,0.000147973)
 [0,0.00014798)
 [0,0.0001486)
 [0,0.000149774)
 [0,0.00014979)
 [0,0.000149807)
 [0,0.000149953)
 [0,0.000150083)
 [0,0.000150445)
 [0,0.000150449)
 [0,0.000150758)
 [0,0.000151645)
 [0,0.000151691)
 [0,0.000153373)
 [0,0.000153916)
 [0,0.00015392)
 [0,0.000154376)
 [0,0.000154638)
 [0,0.000154722)
 [0,0.000154947)
 [0,0.000157843)
 [0,0.000158081)
 [0,0.000159203)
 [0,0.000160682)
 [0,0.000161616)
 [0,0.000161673)
 [0,0.000161899)
 [0,0.000162043)
 [0,0.000162958)
 [0,0.000163375)
 [0,0.000165563)
 [0,0.000169343)
 [0,0.000169571)
 [0,0.000169969)
 [0,0.000171507)
 [0,0.000173006)
 [0,0.000173141)
 [0,0.000173161)
 [0,0.000175517)
 [0,0.000180673)
 [0,0.000180746)
 [0,0.000180792)
 [0,0.000182705)
 [0,0.000182849)
 [0,0.000184965)
 [0,0.000187371)
 [0,0.000189559)
 [0,0.000189836)
 [0,0.000190518)
 [0,0.000194579)
 [0,0.000199653)
 [0,0.000202233)
 [0,0.000203226)
 [0,0.000203239)
 [0,0.000207254)
 [0,0.000212221)
 [0,0.000213778)
 [0,0.000214787)
 [0,0.000215445)
 [0,0.000215689)
 [0,0.000216541)
 [0,0.000216622)
 [0,0.000218915)
 [0,0.000222074)
 [0,0.000222144)
 [0,0.000224023)
 [0,0.000226956)
 [0,0.000227117)
 [0,0.000229424)
 [0,0.000229848)
 [0,0.000230501)
 [0,0.000233688)
 [0,0.000241583)
 [0,0.000250268)
 [0,0.000252059)
 [0,0.00025557)
 [0,0.00025707)
 [0,0.000261046)
 [0,0.000261092)
 [0,0.000281719)
 [0,0.000295409)
 [0,0.00030108)
 [0,0.000313998)
 [0,0.000326643)
 [0,0.000329468)
 [0,0.000349736)
 [0,0.000360191)
 [0,0.000440161)
 [0,0.000440955)
 [0,0.000543847)
 [0,0.000603297)
 [0,0.000621387)
 [0,0.000763687)
 [0,0.000852274)
 [0,0.00088823)
 [0,0.00105047)
 [0,0.00128914)
 [0,0.00238662)
 [0,0.0028099)
 [0,0.00285737)
 [0,0.00294506)
 [0,0.00303039)
 [0,0.00373552)
 [0,0.00631794)
 [0, )
