persistence intervals in dim 0:
 [0,3.60642e-06)
 [0,6.40437e-06)
 [0,6.48086e-06)
 [0,1.00497e-05)
 [0,1.07252e-05)
 [0,1.28457e-05)
 [0,1.52976e-05)
 [0,1.65528e-05)
 [0,1.68826e-05)
 [0,1.7028e-05)
 [0,1.78306e-05)
 [0,1.90269e-05)
 [0,1.98239e-05)
 [0,2.20905e-05)
 [0,2.28248e-05)
 [0,2.32164e-05)
 [0,2.34323e-05)
 [0,2.43714e-05)
 [0,2.46581e-05)
 [0,2.50797e-05)
 [0,2.61924e-05)
 [0,2.64194e-05)
 [0,2.76031e-05)
 [0,2.77307e-05)
 [0,2.88955e-05)
 [0,2.90684e-05)
 [0,2.90855e-05)
 [0,2.92069e-05)
 [0,2.9411e-05)
 [0,3.04789e-05)
 [0,3.06273e-05)
 [0,3.1065e-05)
 [0,3.10797e-05)
 [0,3.13218e-05)
 [0,3.17801e-05)
 [0,3.17812e-05)
 [0,3.23422e-05)
 [0,3.24973e-05)
 [0,3.27721e-05)
 [0,3.36004e-05)
 [0,3.36448e-05)
 [0,3.37199e-05)
 [0,3.38236e-05)
 [0,3.41031e-05)
 [0,3.4235e-05)
 [0,3.43657e-05)
 [0,3.44085e-05)
 [0,3.4728e-05)
 [0,3.55669e-05)
 [0,3.58598e-05)
 [0,3.63449e-05)
 [0,3.64009e-05)
 [0,3.67977e-05)
 [0,3.68101e-05)
 [0,3.72163e-05)
 [0,3.75514e-05)
 [0,3.80276e-05)
 [0,3.8209e-05)
 [0,3.864e-05)
 [0,3.89095e-05)
 [0,3.91523e-05)
 [0,3.9305e-05)
 [0,3.98247e-05)
 [0,3.9825e-05)
 [0,3.9862e-05)
 [0,3.98995e-05)
 [0,4.12319e-05)
 [0,4.15323e-05)
 [0,4.188e-05)
 [0,4.18802e-05)
 [0,4.20246e-05)
 [0,4.25796e-05)
 [0,4.25912e-05)
 [0,4.26264e-05)
 [0,4.31382e-05)
 [0,4.33241e-05)
 [0,4.3726e-05)
 [0,4.41594e-05)
 [0,4.48328e-05)
 [0,4.49012e-05)
 [0,4.51011e-05)
 [0,4.5177e-05)
 [0,4.56182e-05)
 [0,4.59793e-05)
 [0,4.60539e-05)
 [0,4.61427e-05)
 [0,4.69161e-05)
 [0,4.70201e-05)
 [0,4.70743e-05)
 [0,4.72424e-05)
 [0,4.72652e-05)
 [0,4.73821e-05)
 [0,4.74237e-05)
 [0,4.7466e-05)
 [0,4.76442e-05)
 [0,4.7686e-05)
 [0,4.78122e-05)
 [0,4.79369e-05)
 [0,4.81466e-05)
 [0,4.82801e-05)
 [0,4.82806e-05)
 [0,4.84671e-05)
 [0,4.88885e-05)
 [0,4.89279e-05)
 [0,4.89996e-05)
 [0,4.90088e-05)
 [0,4.98794e-05)
 [0,4.99801e-05)
 [0,5.03676e-05)
 [0,5.03782e-05)
 [0,5.04885e-05)
 [0,5.09622e-05)
 [0,5.10096e-05)
 [0,5.11465e-05)
 [0,5.14086e-05)
 [0,5.14682e-05)
 [0,5.15082e-05)
 [0,5.16331e-05)
 [0,5.17873e-05)
 [0,5.22703e-05)
 [0,5.2403e-05)
 [0,5.29333e-05)
 [0,5.32916e-05)
 [0,5.34877e-05)
 [0,5.35244e-05)
 [0,5.35551e-05)
 [0,5.40202e-05)
 [0,5.40554e-05)
 [0,5.40822e-05)
 [0,5.41937e-05)
 [0,5.43788e-05)
 [0,5.45058e-05)
 [0,5.46808e-05)
 [0,5.54695e-05)
 [0,5.58657e-05)
 [0,5.59018e-05)
 [0,5.61614e-05)
 [0,5.62231e-05)
 [0,5.68245e-05)
 [0,5.76277e-05)
 [0,5.76708e-05)
 [0,5.806e-05)
 [0,5.80776e-05)
 [0,5.83944e-05)
 [0,5.84289e-05)
 [0,5.84694e-05)
 [0,5.86008e-05)
 [0,5.90924e-05)
 [0,5.93724e-05)
 [0,5.93789e-05)
 [0,5.93973e-05)
 [0,5.95141e-05)
 [0,5.96079e-05)
 [0,5.98081e-05)
 [0,5.98743e-05)
 [0,6.04083e-05)
 [0,6.04147e-05)
 [0,6.04486e-05)
 [0,6.0489e-05)
 [0,6.07038e-05)
 [0,6.07371e-05)
 [0,6.10082e-05)
 [0,6.1107e-05)
 [0,6.12538e-05)
 [0,6.12622e-05)
 [0,6.17164e-05)
 [0,6.18227e-05)
 [0,6.20317e-05)
 [0,6.22743e-05)
 [0,6.25224e-05)
 [0,6.26274e-05)
 [0,6.26806e-05)
 [0,6.28192e-05)
 [0,6.28738e-05)
 [0,6.29531e-05)
 [0,6.30406e-05)
 [0,6.30624e-05)
 [0,6.31986e-05)
 [0,6.32304e-05)
 [0,6.3254e-05)
 [0,6.3276e-05)
 [0,6.32852e-05)
 [0,6.35048e-05)
 [0,6.36865e-05)
 [0,6.40159e-05)
 [0,6.40796e-05)
 [0,6.41942e-05)
 [0,6.42884e-05)
 [0,6.44747e-05)
 [0,6.46926e-05)
 [0,6.4808e-05)
 [0,6.50058e-05)
 [0,6.507e-05)
 [0,6.53769e-05)
 [0,6.56729e-05)
 [0,6.59476e-05)
 [0,6.62186e-05)
 [0,6.62557e-05)
 [0,6.62784e-05)
 [0,6.67683e-05)
 [0,6.69174e-05)
 [0,6.70673e-05)
 [0,6.73648e-05)
 [0,6.74761e-05)
 [0,6.75735e-05)
 [0,6.78669e-05)
 [0,6.8e-05)
 [0,6.86e-05)
 [0,6.86239e-05)
 [0,6.88535e-05)
 [0,6.89127e-05)
 [0,6.92882e-05)
 [0,6.9878e-05)
 [0,6.99853e-05)
 [0,6.99934e-05)
 [0,7.01778e-05)
 [0,7.02631e-05)
 [0,7.02932e-05)
 [0,7.08028e-05)
 [0,7.08585e-05)
 [0,7.09715e-05)
 [0,7.10911e-05)
 [0,7.12043e-05)
 [0,7.13087e-05)
 [0,7.15764e-05)
 [0,7.18124e-05)
 [0,7.20056e-05)
 [0,7.2036e-05)
 [0,7.23663e-05)
 [0,7.24022e-05)
 [0,7.24304e-05)
 [0,7.25889e-05)
 [0,7.26494e-05)
 [0,7.29237e-05)
 [0,7.3225e-05)
 [0,7.34156e-05)
 [0,7.35051e-05)
 [0,7.36004e-05)
 [0,7.37836e-05)
 [0,7.38367e-05)
 [0,7.38996e-05)
 [0,7.40262e-05)
 [0,7.415e-05)
 [0,7.44985e-05)
 [0,7.46916e-05)
 [0,7.4694e-05)
 [0,7.46993e-05)
 [0,7.48407e-05)
 [0,7.48932e-05)
 [0,7.52992e-05)
 [0,7.53984e-05)
 [0,7.5498e-05)
 [0,7.59068e-05)
 [0,7.59477e-05)
 [0,7.59673e-05)
 [0,7.64589e-05)
 [0,7.64865e-05)
 [0,7.67728e-05)
 [0,7.67928e-05)
 [0,7.70651e-05)
 [0,7.74208e-05)
 [0,7.75499e-05)
 [0,7.75819e-05)
 [0,7.75942e-05)
 [0,7.78265e-05)
 [0,7.83952e-05)
 [0,7.90256e-05)
 [0,7.91127e-05)
 [0,7.92775e-05)
 [0,7.93276e-05)
 [0,7.9386e-05)
 [0,7.95043e-05)
 [0,7.96131e-05)
 [0,7.96556e-05)
 [0,7.98111e-05)
 [0,8.00071e-05)
 [0,8.00116e-05)
 [0,8.03633e-05)
 [0,8.03813e-05)
 [0,8.0505e-05)
 [0,8.05115e-05)
 [0,8.09572e-05)
 [0,8.10802e-05)
 [0,8.11732e-05)
 [0,8.13693e-05)
 [0,8.14428e-05)
 [0,8.164e-05)
 [0,8.17424e-05)
 [0,8.18847e-05)
 [0,8.19927e-05)
 [0,8.20365e-05)
 [0,8.21337e-05)
 [0,8.22305e-05)
 [0,8.22856e-05)
 [0,8.23346e-05)
 [0,8.23462e-05)
 [0,8.27107e-05)
 [0,8.27176e-05)
 [0,8.29342e-05)
 [0,8.29694e-05)
 [0,8.31078e-05)
 [0,8.31618e-05)
 [0,8.3302e-05)
 [0,8.34568e-05)
 [0,8.36782e-05)
 [0,8.38265e-05)
 [0,8.38279e-05)
 [0,8.40351e-05)
 [0,8.40657e-05)
 [0,8.41019e-05)
 [0,8.41431e-05)
 [0,8.41547e-05)
 [0,8.44283e-05)
 [0,8.51714e-05)
 [0,8.52353e-05)
 [0,8.52834e-05)
 [0,8.52884e-05)
 [0,8.53275e-05)
 [0,8.53763e-05)
 [0,8.54521e-05)
 [0,8.56396e-05)
 [0,8.58207e-05)
 [0,8.59187e-05)
 [0,8.594e-05)
 [0,8.64992e-05)
 [0,8.6684e-05)
 [0,8.67175e-05)
 [0,8.67419e-05)
 [0,8.68722e-05)
 [0,8.68844e-05)
 [0,8.6885e-05)
 [0,8.69554e-05)
 [0,8.70279e-05)
 [0,8.72584e-05)
 [0,8.74358e-05)
 [0,8.80057e-05)
 [0,8.82791e-05)
 [0,8.8617e-05)
 [0,8.8888e-05)
 [0,8.89328e-05)
 [0,8.90444e-05)
 [0,8.94079e-05)
 [0,8.98935e-05)
 [0,9.03591e-05)
 [0,9.05594e-05)
 [0,9.06026e-05)
 [0,9.0632e-05)
 [0,9.07875e-05)
 [0,9.08837e-05)
 [0,9.0956e-05)
 [0,9.1e-05)
 [0,9.12461e-05)
 [0,9.13569e-05)
 [0,9.14388e-05)
 [0,9.17551e-05)
 [0,9.17987e-05)
 [0,9.18598e-05)
 [0,9.19458e-05)
 [0,9.20598e-05)
 [0,9.22642e-05)
 [0,9.22828e-05)
 [0,9.24507e-05)
 [0,9.25915e-05)
 [0,9.28977e-05)
 [0,9.2935e-05)
 [0,9.29628e-05)
 [0,9.3498e-05)
 [0,9.36857e-05)
 [0,9.37916e-05)
 [0,9.40952e-05)
 [0,9.41696e-05)
 [0,9.42429e-05)
 [0,9.43507e-05)
 [0,9.43875e-05)
 [0,9.46252e-05)
 [0,9.47836e-05)
 [0,9.50523e-05)
 [0,9.51539e-05)
 [0,9.51642e-05)
 [0,9.6052e-05)
 [0,9.60727e-05)
 [0,9.61157e-05)
 [0,9.62488e-05)
 [0,9.62558e-05)
 [0,9.64197e-05)
 [0,9.66505e-05)
 [0,9.72323e-05)
 [0,9.75405e-05)
 [0,9.77244e-05)
 [0,9.78269e-05)
 [0,9.83145e-05)
 [0,9.83759e-05)
 [0,9.86975e-05)
 [0,9.87013e-05)
 [0,9.93619e-05)
 [0,9.9439e-05)
 [0,9.94475e-05)
 [0,9.95233e-05)
 [0,9.97049e-05)
 [0,0.000100368)
 [0,0.000100424)
 [0,0.000100609)
 [0,0.000100663)
 [0,0.00010097)
 [0,0.000101471)
 [0,0.000101641)
 [0,0.000101985)
 [0,0.000102009)
 [0,0.000102088)
 [0,0.000102191)
 [0,0.000102225)
 [0,0.000102357)
 [0,0.000102738)
 [0,0.000102888)
 [0,0.000103266)
 [0,0.000103466)
 [0,0.000103773)
 [0,0.000104062)
 [0,0.000104115)
 [0,0.000104308)
 [0,0.000104394)
 [0,0.000104399)
 [0,0.000104432)
 [0,0.000104566)
 [0,0.000104742)
 [0,0.00010488)
 [0,0.000104998)
 [0,0.000105038)
 [0,0.000105043)
 [0,0.000105058)
 [0,0.00010517)
 [0,0.000105213)
 [0,0.000105403)
 [0,0.000105428)
 [0,0.00010555)
 [0,0.000105842)
 [0,0.000106231)
 [0,0.000106344)
 [0,0.000106793)
 [0,0.000106962)
 [0,0.000107023)
 [0,0.000107368)
 [0,0.000107559)
 [0,0.000107639)
 [0,0.000107704)
 [0,0.000107708)
 [0,0.000107824)
 [0,0.000107833)
 [0,0.000108385)
 [0,0.000108553)
 [0,0.000108638)
 [0,0.000108931)
 [0,0.000109045)
 [0,0.000109114)
 [0,0.000109293)
 [0,0.000109839)
 [0,0.000109886)
 [0,0.000109953)
 [0,0.000110045)
 [0,0.000110059)
 [0,0.000110096)
 [0,0.000110458)
 [0,0.000110482)
 [0,0.000110603)
 [0,0.000110844)
 [0,0.000111076)
 [0,0.000111237)
 [0,0.000111261)
 [0,0.000111339)
 [0,0.000111468)
 [0,0.000111722)
 [0,0.000111977)
 [0,0.000111991)
 [0,0.000112133)
 [0,0.000112166)
 [0,0.000112513)
 [0,0.000112557)
 [0,0.000112654)
 [0,0.000112877)
 [0,0.000112929)
 [0,0.000113146)
 [0,0.000113177)
 [0,0.000113291)
 [0,0.000113679)
 [0,0.000113786)
 [0,0.000114128)
 [0,0.000114144)
 [0,0.000114285)
 [0,0.000114948)
 [0,0.000114983)
 [0,0.000115134)
 [0,0.000115301)
 [0,0.000115888)
 [0,0.000116035)
 [0,0.000116112)
 [0,0.000116635)
 [0,0.000116769)
 [0,0.000116801)
 [0,0.000116903)
 [0,0.000116931)
 [0,0.000117102)
 [0,0.000117294)
 [0,0.000117307)
 [0,0.000117362)
 [0,0.000117623)
 [0,0.00011777)
 [0,0.000117941)
 [0,0.000117983)
 [0,0.000118043)
 [0,0.000118376)
 [0,0.000118493)
 [0,0.000118982)
 [0,0.000119163)
 [0,0.000119243)
 [0,0.00011951)
 [0,0.000119746)
 [0,0.000120101)
 [0,0.000120184)
 [0,0.000120241)
 [0,0.000120336)
 [0,0.000120537)
 [0,0.000120548)
 [0,0.000120677)
 [0,0.000120757)
 [0,0.000121265)
 [0,0.000121401)
 [0,0.000121537)
 [0,0.00012187)
 [0,0.000121917)
 [0,0.000122152)
 [0,0.000122417)
 [0,0.000122679)
 [0,0.000123069)
 [0,0.000123439)
 [0,0.000123584)
 [0,0.000123703)
 [0,0.000123786)
 [0,0.000123876)
 [0,0.0001247)
 [0,0.000124828)
 [0,0.000124915)
 [0,0.000124931)
 [0,0.000125543)
 [0,0.000125558)
 [0,0.000125706)
 [0,0.000126649)
 [0,0.000126687)
 [0,0.000127597)
 [0,0.000128566)
 [0,0.000128749)
 [0,0.000128849)
 [0,0.000128863)
 [0,0.000129344)
 [0,0.000129377)
 [0,0.000129498)
 [0,0.000130005)
 [0,0.000130649)
 [0,0.000130912)
 [0,0.000131154)
 [0,0.000131487)
 [0,0.00013161)
 [0,0.000132008)
 [0,0.000132063)
 [0,0.000132265)
 [0,0.000132521)
 [0,0.000132614)
 [0,0.000132639)
 [0,0.000132955)
 [0,0.000133071)
 [0,0.000133183)
 [0,0.000133309)
 [0,0.00013345)
 [0,0.000133854)
 [0,0.000134316)
 [0,0.000134752)
 [0,0.000135045)
 [0,0.000135196)
 [0,0.000135329)
 [0,0.0001359)
 [0,0.000136034)
 [0,0.000136041)
 [0,0.000136045)
 [0,0.000136627)
 [0,0.000137036)
 [0,0.000137072)
 [0,0.000137219)
 [0,0.000137237)
 [0,0.00013724)
 [0,0.000137244)
 [0,0.000137246)
 [0,0.000137324)
 [0,0.000137442)
 [0,0.000137747)
 [0,0.000138071)
 [0,0.000138424)
 [0,0.000138787)
 [0,0.000138788)
 [0,0.000139521)
 [0,0.000139831)
 [0,0.000139831)
 [0,0.000139865)
 [0,0.000140233)
 [0,0.000140743)
 [0,0.000141348)
 [0,0.000141409)
 [0,0.000141499)
 [0,0.000141573)
 [0,0.000141739)
 [0,0.000141933)
 [0,0.000142303)
 [0,0.000142436)
 [0,0.000142445)
 [0,0.000142773)
 [0,0.000142876)
 [0,0.000143017)
 [0,0.000143444)
 [0,0.000143489)
 [0,0.000144672)
 [0,0.000144908)
 [0,0.000144913)
 [0,0.000145138)
 [0,0.000145942)
 [0,0.000146002)
 [0,0.000146216)
 [0,0.000146222)
 [0,0.000146812)
 [0,0.000147557)
 [0,0.000148034)
 [0,0.000148276)
 [0,0.000148396)
 [0,0.000148985)
 [0,0.000149164)
 [0,0.000149335)
 [0,0.000149433)
 [0,0.000149642)
 [0,0.000149935)
 [0,0.000150124)
 [0,0.000150313)
 [0,0.00015048)
 [0,0.000150503)
 [0,0.000150679)
 [0,0.000151819)
 [0,0.000152067)
 [0,0.00015276)
 [0,0.000152919)
 [0,0.000153743)
 [0,0.000154019)
 [0,0.000154289)
 [0,0.0001545)
 [0,0.000154745)
 [0,0.000154937)
 [0,0.000155197)
 [0,0.000155649)
 [0,0.000155801)
 [0,0.000155852)
 [0,0.000156209)
 [0,0.00015625)
 [0,0.000156368)
 [0,0.000156522)
 [0,0.000156745)
 [0,0.000157088)
 [0,0.000157209)
 [0,0.00015822)
 [0,0.000158423)
 [0,0.000159363)
 [0,0.000159531)
 [0,0.000159558)
 [0,0.000159661)
 [0,0.000159716)
 [0,0.000159837)
 [0,0.000159844)
 [0,0.000160364)
 [0,0.000161722)
 [0,0.000161842)
 [0,0.000162278)
 [0,0.000163062)
 [0,0.000163176)
 [0,0.000163383)
 [0,0.00016376)
 [0,0.000163835)
 [0,0.000163885)
 [0,0.000164153)
 [0,0.000164481)
 [0,0.000165925)
 [0,0.000166379)
 [0,0.000166551)
 [0,0.000166558)
 [0,0.000167251)
 [0,0.000167261)
 [0,0.000168244)
 [0,0.000169133)
 [0,0.000169688)
 [0,0.000170108)
 [0,0.000170148)
 [0,0.000170192)
 [0,0.000170591)
 [0,0.000171028)
 [0,0.00017133)
 [0,0.000171677)
 [0,0.000171945)
 [0,0.000172088)
 [0,0.000172414)
 [0,0.000172984)
 [0,0.000173373)
 [0,0.000173381)
 [0,0.000173582)
 [0,0.000174094)
 [0,0.000175322)
 [0,0.000175937)
 [0,0.000175942)
 [0,0.000176503)
 [0,0.000178148)
 [0,0.000178512)
 [0,0.000178634)
 [0,0.000178776)
 [0,0.000179947)
 [0,0.000180169)
 [0,0.00018049)
 [0,0.000180746)
 [0,0.0001814)
 [0,0.000182784)
 [0,0.000184353)
 [0,0.000184402)
 [0,0.000185282)
 [0,0.0001855)
 [0,0.000186254)
 [0,0.000186471)
 [0,0.000186941)
 [0,0.000187067)
 [0,0.000187273)
 [0,0.000187747)
 [0,0.000188029)
 [0,0.000188098)
 [0,0.000188299)
 [0,0.000188565)
 [0,0.000189742)
 [0,0.000189876)
 [0,0.000190013)
 [0,0.000190043)
 [0,0.000190286)
 [0,0.000190628)
 [0,0.000192096)
 [0,0.000192199)
 [0,0.000193095)
 [0,0.000193337)
 [0,0.00019362)
 [0,0.000193788)
 [0,0.000195764)
 [0,0.000196622)
 [0,0.000197361)
 [0,0.000198064)
 [0,0.000198157)
 [0,0.000198952)
 [0,0.000199303)
 [0,0.00019969)
 [0,0.000199973)
 [0,0.000200266)
 [0,0.000200724)
 [0,0.000201694)
 [0,0.000201787)
 [0,0.000204612)
 [0,0.000205377)
 [0,0.000205379)
 [0,0.000205645)
 [0,0.00020585)
 [0,0.000207084)
 [0,0.000207986)
 [0,0.000210263)
 [0,0.000210385)
 [0,0.000211694)
 [0,0.000211757)
 [0,0.000211775)
 [0,0.000212217)
 [0,0.000212453)
 [0,0.000213133)
 [0,0.000213871)
 [0,0.000214173)
 [0,0.000214262)
 [0,0.000215937)
 [0,0.000217269)
 [0,0.000217654)
 [0,0.000218463)
 [0,0.000219947)
 [0,0.000220874)
 [0,0.000225889)
 [0,0.000228119)
 [0,0.000228737)
 [0,0.000229161)
 [0,0.000229324)
 [0,0.000229551)
 [0,0.000229993)
 [0,0.00023048)
 [0,0.0002309)
 [0,0.000231079)
 [0,0.000231675)
 [0,0.000234159)
 [0,0.000235019)
 [0,0.000235617)
 [0,0.000236595)
 [0,0.00023822)
 [0,0.000238367)
 [0,0.000239085)
 [0,0.000241256)
 [0,0.000243734)
 [0,0.000243758)
 [0,0.000244242)
 [0,0.000245056)
 [0,0.000245237)
 [0,0.000246685)
 [0,0.000248357)
 [0,0.000248503)
 [0,0.000248951)
 [0,0.000250081)
 [0,0.000250354)
 [0,0.000250578)
 [0,0.000252484)
 [0,0.000253168)
 [0,0.000256443)
 [0,0.000256475)
 [0,0.000256817)
 [0,0.00025902)
 [0,0.000259208)
 [0,0.000259982)
 [0,0.00026088)
 [0,0.000261128)
 [0,0.000261465)
 [0,0.000261498)
 [0,0.000261703)
 [0,0.000262068)
 [0,0.000262104)
 [0,0.00026875)
 [0,0.000270031)
 [0,0.000273132)
 [0,0.000273429)
 [0,0.000274292)
 [0,0.000275113)
 [0,0.000276209)
 [0,0.000276379)
 [0,0.000278499)
 [0,0.000281412)
 [0,0.000281746)
 [0,0.000281969)
 [0,0.000282376)
 [0,0.000282865)
 [0,0.000283355)
 [0,0.000285168)
 [0,0.000286561)
 [0,0.00028946)
 [0,0.000289568)
 [0,0.00029063)
 [0,0.000291266)
 [0,0.000292254)
 [0,0.000293009)
 [0,0.000294526)
 [0,0.000295265)
 [0,0.000296083)
 [0,0.000297586)
 [0,0.000297971)
 [0,0.000301325)
 [0,0.000301467)
 [0,0.000303027)
 [0,0.000308869)
 [0,0.000312059)
 [0,0.000312108)
 [0,0.000314471)
 [0,0.000314561)
 [0,0.000315051)
 [0,0.000316066)
 [0,0.000316184)
 [0,0.00031715)
 [0,0.000318589)
 [0,0.000323228)
 [0,0.00032404)
 [0,0.000325558)
 [0,0.000333164)
 [0,0.000333789)
 [0,0.000333836)
 [0,0.000335179)
 [0,0.000335679)
 [0,0.000336164)
 [0,0.000337408)
 [0,0.000339375)
 [0,0.000344565)
 [0,0.000344653)
 [0,0.000344849)
 [0,0.000346538)
 [0,0.000346612)
 [0,0.000346931)
 [0,0.000353828)
 [0,0.000355487)
 [0,0.000356724)
 [0,0.000361387)
 [0,0.000363231)
 [0,0.000366882)
 [0,0.000373087)
 [0,0.000374616)
 [0,0.00037661)
 [0,0.000379162)
 [0,0.000383143)
 [0,0.000385044)
 [0,0.000385408)
 [0,0.000389328)
 [0,0.000391524)
 [0,0.000397142)
 [0,0.000397807)
 [0,0.000399847)
 [0,0.000402717)
 [0,0.000405784)
 [0,0.000406642)
 [0,0.00040756)
 [0,0.000411389)
 [0,0.000413335)
 [0,0.000416112)
 [0,0.000416994)
 [0,0.000419209)
 [0,0.00041942)
 [0,0.000419529)
 [0,0.00042113)
 [0,0.000437457)
 [0,0.000452324)
 [0,0.000456261)
 [0,0.000466196)
 [0,0.000469198)
 [0,0.000470015)
 [0,0.000470925)
 [0,0.000475246)
 [0,0.000485232)
 [0,0.000485726)
 [0,0.000502626)
 [0,0.000503517)
 [0,0.000507914)
 [0,0.000510398)
 [0,0.000520155)
 [0,0.000537264)
 [0,0.000540969)
 [0,0.000552025)
 [0,0.000553527)
 [0,0.000553588)
 [0,0.000556677)
 [0,0.000569661)
 [0,0.000585709)
 [0,0.000592645)
 [0,0.000598764)
 [0,0.000602947)
 [0,0.000610335)
 [0,0.000614633)
 [0,0.000619134)
 [0,0.000619586)
 [0,0.00062839)
 [0,0.00063566)
 [0,0.000648573)
 [0,0.000649801)
 [0,0.000667503)
 [0,0.000671902)
 [0,0.00067264)
 [0,0.000687129)
 [0,0.000688108)
 [0,0.000698321)
 [0,0.000714542)
 [0,0.000769704)
 [0,0.000777744)
 [0,0.000784952)
 [0,0.000806083)
 [0,0.000831792)
 [0,0.000834764)
 [0,0.000845347)
 [0,0.000849668)
 [0,0.000879869)
 [0,0.000925849)
 [0,0.000961065)
 [0,0.000970748)
 [0,0.00104317)
 [0,0.00112854)
 [0,0.00126133)
 [0,0.00126787)
 [0,0.00127569)
 [0,0.00130789)
 [0,0.0013588)
 [0,0.00144158)
 [0,0.00148254)
 [0,0.00171847)
 [0,0.00193447)
 [0,0.00194499)
 [0,0.0020908)
 [0,0.00219747)
 [0,0.00236032)
 [0,0.00263611)
 [0,0.00289361)
 [0,0.00294548)
 [0,0.00361882)
 [0,0.00363804)
 [0,0.00367538)
 [0,0.00420561)
 [0,0.00482265)
 [0,0.00507363)
 [0,0.00647129)
 [0,0.0065075)
 [0,0.00782213)
 [0,0.00884693)
 [0, )
