persistence intervals in dim 1:
 [0.016605,0.0167012)
 [0.00915265,0.00994662)
 [0.00855508,0.00886337)
 [0.00753581,0.00792644)
 [0.00724152,0.00741704)
 [0.00721244,0.00748695)
 [0.00721159,0.00731314)
 [0.00685936,0.00740907)
 [0.00673514,0.00673678)
 [0.0065737,0.00670058)
 [0.00588037,0.00619042)
 [0.00575948,0.00628536)
 [0.0054467,0.00545576)
 [0.00520581,0.00618677)
 [0.00505332,0.00512597)
 [0.00501252,0.00504874)
 [0.00497719,0.00504753)
 [0.00476337,0.00487479)
 [0.00464234,0.00525731)
 [0.00464062,0.0047846)
 [0.00457972,0.0047857)
 [0.00404852,0.00468229)
 [0.00404398,0.00450875)
 [0.0040345,0.00472883)
 [0.00401519,0.00521331)
 [0.00396404,0.00460475)
 [0.00382695,0.00445404)
 [0.00377306,0.00397274)
 [0.00373248,0.00423456)
 [0.00364552,0.00399384)
 [0.0036046,0.00399082)
 [0.00356559,0.00378979)
 [0.00355011,0.00425355)
 [0.00353596,0.00416506)
 [0.0035274,0.00366734)
 [0.00347425,0.00415968)
 [0.00346138,0.0034745)
 [0.0034552,0.00384976)
 [0.00338668,0.00342923)
 [0.00327165,0.00332158)
 [0.00317313,0.00386607)
 [0.00304638,0.00338653)
 [0.00302766,0.00349243)
 [0.00300853,0.00321529)
 [0.00299972,0.00356508)
 [0.00299477,0.00360147)
 [0.00294601,0.00312214)
 [0.00293826,0.00330716)
 [0.00290017,0.00388439)
 [0.00286206,0.00319256)
 [0.00285151,0.00327905)
 [0.00283698,0.00350781)
 [0.00281484,0.0028298)
 [0.00276823,0.0029187)
 [0.00276614,0.00329212)
 [0.00272529,0.00274795)
 [0.00272527,0.00278803)
 [0.00271246,0.0031525)
 [0.0027072,0.00342449)
 [0.00266747,0.00350819)
 [0.00262456,0.00314595)
 [0.00258145,0.00438657)
 [0.00256704,0.00293642)
 [0.00256532,0.00298767)
 [0.00254277,0.00299691)
 [0.00253406,0.00254434)
 [0.00242841,0.00253755)
 [0.00241854,0.00251455)
 [0.00241786,0.00287597)
 [0.00240918,0.00244866)
 [0.00239904,0.00319938)
 [0.00238349,0.0025565)
 [0.00237609,0.00264106)
 [0.00228276,0.00264412)
 [0.00221349,0.00222045)
 [0.00220694,0.00274353)
 [0.00218203,0.00301499)
 [0.00209671,0.00215671)
 [0.00209186,0.00210724)
 [0.00206932,0.00209781)
 [0.0019927,0.00205205)
 [0.00197866,0.00198039)
 [0.00197315,0.00231244)
 [0.00193263,0.00239446)
 [0.00193142,0.00218077)
 [0.0019191,0.00200415)
 [0.0019043,0.00204295)
 [0.0018324,0.00211378)
 [0.00175991,0.00192581)
 [0.00173241,0.00177387)
 [0.0016916,0.00183798)
 [0.00168275,0.00177962)
 [0.00168243,0.00190784)
 [0.00167929,0.00184771)
 [0.00163456,0.00172185)
 [0.00160237,0.00172868)
 [0.00158066,0.00180485)
 [0.00150124,0.00152054)
 [0.00145745,0.00147963)
 [0.00144367,0.00149859)
 [0.00140887,0.00146701)
 [0.00139468,0.00139759)
 [0.00139234,0.00151213)
 [0.00138445,0.00142659)
 [0.001372,0.00187223)
 [0.00136072,0.00169868)
 [0.0013316,0.00144591)
 [0.00132985,0.00146707)
 [0.00130081,0.00144752)
 [0.00126114,0.001308)
 [0.00125836,0.00150634)
 [0.00125276,0.00142437)
 [0.00119529,0.00147393)
 [0.00114489,0.0013217)
 [0.00111796,0.00113343)
 [0.00111026,0.0014914)
 [0.00106566,0.00114222)
 [0.00101616,0.00115886)
 [0.000970686,0.00106221)
 [0.000964849,0.00101375)
 [0.000959774,0.00101393)
 [0.000959278,0.00106447)
 [0.000957942,0.0010115)
 [0.000955353,0.00100931)
 [0.000927705,0.00108315)
 [0.000896289,0.00102031)
 [0.000895548,0.000963455)
 [0.000878492,0.00102979)
 [0.000811847,0.000824859)
 [0.000810837,0.000862096)
 [0.00079572,0.000918272)
 [0.000729972,0.000815628)
 [0.000715152,0.000738656)
 [0.000695034,0.00072132)
 [0.000694629,0.000711364)
 [0.000691752,0.000845081)
 [0.000650614,0.000985967)
 [0.000648174,0.000839119)
 [0.000637992,0.000648869)
 [0.000629674,0.000633098)
 [0.000628694,0.000646064)
 [0.000614575,0.000693013)
 [0.000613988,0.000757256)
 [0.000604749,0.000627861)
 [0.000601258,0.000750541)
 [0.000587582,0.000662992)
 [0.000581292,0.000594319)
 [0.000561856,0.000600585)
 [0.000561439,0.000672222)
 [0.000557354,0.000593806)
 [0.000548119,0.000619786)
 [0.000472419,0.000583775)
