persistence intervals in dim 1:
 [0.00220084,0.00223167)
 [0.00180912,0.00185157)
 [0.00151268,0.00159494)
 [0.00147339,0.00183641)
 [0.00140376,0.00160287)
 [0.00139492,0.00149842)
 [0.00137943,0.00145495)
 [0.00136062,0.00155023)
 [0.00119836,0.00123756)
 [0.00119576,0.00123573)
 [0.00117216,0.00129389)
 [0.00115701,0.00116125)
 [0.00114856,0.00134705)
 [0.00108866,0.0011972)
 [0.00108285,0.00123462)
 [0.00106406,0.00110531)
 [0.0010157,0.00107308)
 [0.00098707,0.000998817)
 [0.000975364,0.00109359)
 [0.00095441,0.000993617)
 [0.000949957,0.00100182)
 [0.000930869,0.000998268)
 [0.000930375,0.00102337)
 [0.000924219,0.001014)
 [0.000921135,0.000946086)
 [0.00091866,0.00110631)
 [0.000916816,0.000936438)
 [0.000913338,0.000967769)
 [0.000912128,0.000994599)
 [0.000911259,0.000913912)
 [0.000907935,0.000988871)
 [0.000892869,0.000963131)
 [0.00088446,0.0010601)
 [0.000844772,0.000850227)
 [0.000833561,0.000895864)
 [0.000824915,0.00093801)
 [0.00081096,0.000821007)
 [0.000803801,0.000962407)
 [0.000788565,0.00091748)
 [0.000788214,0.00101511)
 [0.000782825,0.000869928)
 [0.000782015,0.00079203)
 [0.000766211,0.000873561)
 [0.0007646,0.000823014)
 [0.000763412,0.000889164)
 [0.000752512,0.000758331)
 [0.000749554,0.00103424)
 [0.000744222,0.000782693)
 [0.000741097,0.000743578)
 [0.000729817,0.000786186)
 [0.000728704,0.000734918)
 [0.000720311,0.000761368)
 [0.000706606,0.00075658)
 [0.000704085,0.000834112)
 [0.000703517,0.000716931)
 [0.000703093,0.000847406)
 [0.000698365,0.000728732)
 [0.000693044,0.00082265)
 [0.000682648,0.00074078)
 [0.000681418,0.000781029)
 [0.000680123,0.00075085)
 [0.000678944,0.000831133)
 [0.000673372,0.000789487)
 [0.000668259,0.000686667)
 [0.000666243,0.000730024)
 [0.000663281,0.000718958)
 [0.000662156,0.00069307)
 [0.000651324,0.000653896)
 [0.000645983,0.00066313)
 [0.000643323,0.000747606)
 [0.000640077,0.000718541)
 [0.00063161,0.00101851)
 [0.000630377,0.0007186)
 [0.000622568,0.000683659)
 [0.000619878,0.000705379)
 [0.000618676,0.000621354)
 [0.000617758,0.000625952)
 [0.000617604,0.000641989)
 [0.000613042,0.000624124)
 [0.000601048,0.000680236)
 [0.000597081,0.000663348)
 [0.000591427,0.000658078)
 [0.000591214,0.000645451)
 [0.000590792,0.000625811)
 [0.000587889,0.00063104)
 [0.000585905,0.000594357)
 [0.00058295,0.000606486)
 [0.000582557,0.000595288)
 [0.000579047,0.000618126)
 [0.000577036,0.000626703)
 [0.000575248,0.000651922)
 [0.000575136,0.000645813)
 [0.000570379,0.000714388)
 [0.000568622,0.000629406)
 [0.000566035,0.000593614)
 [0.000564359,0.000848883)
 [0.000562136,0.000607697)
 [0.000557874,0.000581961)
 [0.000556433,0.000610849)
 [0.00055612,0.00065179)
 [0.000553916,0.000680286)
 [0.000553842,0.000613152)
 [0.000553688,0.000644727)
 [0.000548877,0.00055216)
 [0.000542068,0.000555419)
 [0.000538187,0.000579065)
 [0.000536188,0.000558163)
 [0.000534658,0.000805318)
 [0.000533584,0.000581581)
 [0.000530609,0.000584946)
 [0.000528936,0.000578436)
 [0.000527675,0.000636335)
 [0.000527266,0.000559269)
 [0.000527115,0.000595936)
 [0.000526548,0.000618126)
 [0.00052519,0.000526517)
 [0.000523551,0.000578458)
 [0.000523277,0.000538289)
 [0.00051717,0.000526722)
 [0.000516962,0.000715153)
 [0.000516824,0.000555761)
 [0.000514875,0.000528502)
 [0.000510953,0.000684931)
 [0.000510693,0.000532594)
 [0.000510171,0.000571039)
 [0.000509299,0.000512804)
 [0.000501742,0.000564853)
 [0.000501517,0.000517457)
 [0.000498925,0.000614705)
 [0.000497927,0.000520093)
 [0.000495608,0.000666806)
 [0.000494998,0.000535531)
 [0.000489056,0.000527058)
 [0.000488597,0.000627546)
 [0.000488275,0.00049871)
 [0.000487732,0.000567305)
 [0.00048705,0.000515276)
 [0.000485917,0.000539965)
 [0.000484645,0.000494464)
 [0.000483143,0.000576602)
 [0.000480078,0.000515501)
 [0.00047997,0.000486373)
 [0.000477984,0.000571446)
 [0.000477721,0.000522312)
 [0.000476052,0.000558888)
 [0.000474072,0.000529557)
 [0.000472725,0.000567725)
 [0.000472648,0.000526125)
 [0.000471685,0.000687697)
 [0.000470356,0.00059315)
 [0.000470187,0.000500227)
 [0.000469637,0.000489112)
 [0.000469485,0.000543211)
 [0.000466767,0.000469908)
 [0.000466728,0.000488203)
 [0.000466504,0.000564262)
 [0.000465912,0.000527894)
 [0.000465676,0.000487317)
 [0.00046564,0.000710545)
 [0.000463952,0.000492041)
 [0.000463057,0.000476011)
 [0.000462772,0.000583696)
 [0.000459968,0.000470256)
 [0.000459373,0.000558971)
 [0.000459313,0.000494026)
 [0.000459275,0.000562282)
 [0.000456001,0.000547032)
 [0.00045569,0.000487577)
 [0.00045419,0.00062341)
 [0.000453749,0.000476011)
 [0.000453336,0.000542124)
 [0.000452995,0.000547431)
 [0.000451324,0.000507071)
 [0.000451272,0.000595297)
 [0.000450646,0.00045514)
 [0.00044954,0.000505513)
 [0.000449413,0.000454812)
 [0.000449124,0.00045561)
 [0.00044883,0.000628384)
 [0.000447738,0.000461305)
 [0.000447161,0.000462449)
 [0.000447054,0.000453659)
 [0.000446403,0.000446852)
 [0.000445712,0.000480742)
 [0.000445229,0.000511363)
 [0.000444385,0.000505845)
 [0.000442849,0.00053766)
 [0.000442808,0.000525414)
 [0.000441923,0.000442991)
 [0.000441673,0.000656581)
 [0.000434367,0.000488147)
 [0.000431806,0.000442467)
 [0.000431451,0.000574637)
 [0.000431376,0.00045542)
 [0.000429597,0.000438867)
 [0.00042886,0.000451564)
 [0.000428346,0.000579849)
 [0.000427198,0.000461142)
 [0.000426646,0.000481687)
 [0.000426388,0.000467307)
 [0.000425717,0.000515453)
 [0.000424944,0.000532801)
 [0.000423715,0.000585745)
 [0.000422663,0.000507382)
 [0.000421672,0.000514868)
 [0.00042163,0.000440231)
 [0.000421373,0.000482844)
 [0.000420599,0.000550351)
 [0.000417042,0.000598924)
 [0.000413046,0.00041539)
 [0.000412081,0.000473177)
 [0.000411251,0.00050005)
 [0.000407898,0.000449552)
 [0.000407876,0.000426697)
 [0.000405989,0.000448028)
 [0.000404338,0.000408525)
 [0.000404204,0.000427249)
 [0.000403554,0.000513488)
 [0.00040319,0.000521523)
 [0.000402811,0.000432605)
 [0.000402276,0.000543429)
 [0.000401616,0.000428292)
 [0.000401387,0.000402349)
 [0.000401219,0.000407159)
 [0.000401176,0.000440939)
 [0.000399995,0.000558833)
 [0.000399328,0.000400724)
 [0.000396632,0.00041667)
 [0.000396036,0.000433036)
 [0.000395855,0.000405234)
 [0.00039583,0.00042073)
 [0.000392654,0.000411127)
 [0.000392344,0.000438442)
 [0.000390949,0.000495102)
 [0.000389512,0.000437875)
 [0.000388458,0.000423186)
 [0.000386204,0.000426651)
 [0.000385659,0.0004675)
 [0.000384413,0.000429603)
 [0.000383415,0.000500384)
 [0.000383322,0.000544336)
 [0.000382248,0.000474372)
 [0.000380843,0.000423348)
 [0.000380678,0.000409025)
 [0.000380419,0.000418647)
 [0.000378169,0.000441883)
 [0.00037774,0.000497464)
 [0.000376975,0.000415948)
 [0.000376973,0.000414149)
 [0.000376046,0.000400066)
 [0.000375895,0.000436871)
 [0.000374198,0.000396102)
 [0.000373642,0.000463104)
 [0.000370131,0.000379371)
 [0.000369266,0.000452751)
 [0.000369111,0.000491754)
 [0.000367584,0.000378582)
 [0.000365767,0.00047869)
 [0.000365282,0.000447046)
 [0.000365035,0.0005813)
 [0.000363702,0.000443152)
 [0.000362905,0.00036356)
 [0.000357016,0.000480197)
 [0.000356653,0.000416672)
 [0.000353876,0.000661747)
 [0.000353125,0.000383857)
 [0.000352947,0.000358343)
 [0.000349679,0.000360677)
 [0.000347417,0.000445113)
 [0.000346498,0.000442048)
 [0.000345182,0.000427131)
 [0.000345122,0.000410782)
 [0.000344203,0.000359143)
 [0.000344128,0.000473367)
 [0.000342071,0.000366318)
 [0.000338254,0.000399244)
 [0.000337611,0.000340952)
 [0.000337123,0.00034463)
 [0.000335728,0.000340384)
 [0.000333425,0.00041243)
 [0.000329332,0.000337978)
 [0.00032861,0.000376049)
 [0.000328255,0.000388208)
 [0.000322356,0.000323396)
 [0.000322031,0.000407957)
 [0.000321536,0.000424624)
 [0.000321445,0.000326988)
 [0.000319435,0.000364914)
 [0.000318944,0.000351943)
 [0.000316895,0.000378602)
 [0.000314303,0.000333158)
 [0.000313177,0.000317469)
 [0.000310079,0.000316478)
 [0.000308396,0.000489484)
 [0.000307961,0.000361285)
 [0.000307939,0.000351614)
 [0.000307878,0.00040633)
 [0.000305057,0.000334969)
 [0.00030249,0.000347759)
 [0.000299947,0.000340651)
 [0.000296657,0.000367536)
 [0.000296461,0.000304283)
 [0.000296238,0.000332046)
 [0.000295201,0.000310973)
 [0.00029398,0.000295993)
 [0.000293338,0.000323559)
 [0.00029316,0.000307657)
 [0.000292125,0.0003508)
 [0.000292062,0.000305599)
 [0.000290893,0.000433698)
 [0.000290754,0.000389683)
 [0.000290141,0.000332021)
 [0.000289692,0.000310281)
 [0.000289212,0.000305666)
 [0.000282546,0.000424743)
 [0.00027996,0.000335223)
 [0.000278479,0.000375941)
 [0.000275623,0.000329913)
 [0.000274572,0.000296421)
 [0.000271846,0.000311479)
 [0.000216067,0.00021682)
 [0.000214417,0.000254756)
 [0.00020543,0.000249021)
