persistence intervals in dim 1:
 [0.00240821,0.00245086)
 [0.00234993,0.00290926)
 [0.00212606,0.00225231)
 [0.00194779,0.00210516)
 [0.0018135,0.00199267)
 [0.00180673,0.00188061)
 [0.00158646,0.0015988)
 [0.00154587,0.00197709)
 [0.00146601,0.00161062)
 [0.00140369,0.00153592)
 [0.00135597,0.00150117)
 [0.00119644,0.0013181)
 [0.00118725,0.00135207)
 [0.00110997,0.00114146)
 [0.00106057,0.00116887)
 [0.0010529,0.00114146)
 [0.00104856,0.00120807)
 [0.000982152,0.00108244)
 [0.000981869,0.000998359)
 [0.000961359,0.000973584)
 [0.000948115,0.00106626)
 [0.000923525,0.000998284)
 [0.000915603,0.00103793)
 [0.000909937,0.00111527)
 [0.000906006,0.000918903)
 [0.000898011,0.00102133)
 [0.000894087,0.000897511)
 [0.000885078,0.00117028)
 [0.000882631,0.000949988)
 [0.000868278,0.00116341)
 [0.000867561,0.000917882)
 [0.000861077,0.000884454)
 [0.000851071,0.00086435)
 [0.000848935,0.000867162)
 [0.000830869,0.000844363)
 [0.000826443,0.000974732)
 [0.000824295,0.000877721)
 [0.000823079,0.000848717)
 [0.000815922,0.00101324)
 [0.000811607,0.000880228)
 [0.000801622,0.000818981)
 [0.000799111,0.000807439)
 [0.000796803,0.00082132)
 [0.000795138,0.000957255)
 [0.00078877,0.000870403)
 [0.000782375,0.000858446)
 [0.000772168,0.00081514)
 [0.000769398,0.000871738)
 [0.000769101,0.000811221)
 [0.000768855,0.000852778)
 [0.000763741,0.000842061)
 [0.000750736,0.000775181)
 [0.000748829,0.000873097)
 [0.000741032,0.000771586)
 [0.000727201,0.000804426)
 [0.000720809,0.00077142)
 [0.000714343,0.000929896)
 [0.000710978,0.000765571)
 [0.000706944,0.000772263)
 [0.000692048,0.000723455)
 [0.000686297,0.000842731)
 [0.000684579,0.00104763)
 [0.000682171,0.000685567)
 [0.000680867,0.000692469)
 [0.000679127,0.00075588)
 [0.000671805,0.000738223)
 [0.000655689,0.000881461)
 [0.000651508,0.00071073)
 [0.000650009,0.000656461)
 [0.000648067,0.000669065)
 [0.000643597,0.000780522)
 [0.000638886,0.000659521)
 [0.000637419,0.000643677)
 [0.00063643,0.00078184)
 [0.000629191,0.000644252)
 [0.000628911,0.000800485)
 [0.000626897,0.000724683)
 [0.000623476,0.000799588)
 [0.000620157,0.000633009)
 [0.000608212,0.000789882)
 [0.000607525,0.000702389)
 [0.00060372,0.000743856)
 [0.000599435,0.000737735)
 [0.000597456,0.000627531)
 [0.000596777,0.000632441)
 [0.000595655,0.000685567)
 [0.000593195,0.000837858)
 [0.000589856,0.000688099)
 [0.000587697,0.000594063)
 [0.000586974,0.000650753)
 [0.00058645,0.000663301)
 [0.000575843,0.000800324)
 [0.000575093,0.000591372)
 [0.000574078,0.00063487)
 [0.000572869,0.0006811)
 [0.000572664,0.000579631)
 [0.000571263,0.000577811)
 [0.000569297,0.000571792)
 [0.00056901,0.000709006)
 [0.000567431,0.000682602)
 [0.000564274,0.000763678)
 [0.000563341,0.000708783)
 [0.00055986,0.000585067)
 [0.000555108,0.00056826)
 [0.000554831,0.000593064)
 [0.000553736,0.000704386)
 [0.000552886,0.000555688)
 [0.000550244,0.000563866)
 [0.000550047,0.000627118)
 [0.000549564,0.000594063)
 [0.000548907,0.000649098)
 [0.000548488,0.000610587)
 [0.000547736,0.000624073)
 [0.000547045,0.000587743)
 [0.000546108,0.00057404)
 [0.000545844,0.000547195)
 [0.000543733,0.000594049)
 [0.000542567,0.000551599)
 [0.000542338,0.000561095)
 [0.000541563,0.000608214)
 [0.000541123,0.000677883)
 [0.000538789,0.000549205)
 [0.000537481,0.000589524)
 [0.00053715,0.000651854)
 [0.000536939,0.000564374)
 [0.000536651,0.000631514)
 [0.000533817,0.000570012)
 [0.000532573,0.000613075)
 [0.000531651,0.000735154)
 [0.00053165,0.000540322)
 [0.000531134,0.000660811)
 [0.000531045,0.000555387)
 [0.000528993,0.00054682)
 [0.000527026,0.000580455)
 [0.000526634,0.000601232)
 [0.000526218,0.000603046)
 [0.00052086,0.00053718)
 [0.000520231,0.000553336)
 [0.000519616,0.000650977)
 [0.000519112,0.000532482)
 [0.000518995,0.000596732)
 [0.000517644,0.000594507)
 [0.000513351,0.000610911)
 [0.000513075,0.000570862)
 [0.000508809,0.000607141)
 [0.000508525,0.000548268)
 [0.000507753,0.000514767)
 [0.000507689,0.000564593)
 [0.000507688,0.000545763)
 [0.000502461,0.000531463)
 [0.000501979,0.000503193)
 [0.000500364,0.000584651)
 [0.000498295,0.000676329)
 [0.00049674,0.000497297)
 [0.000495639,0.000510654)
 [0.000495257,0.000515219)
 [0.000491473,0.00053059)
 [0.000490078,0.00049583)
 [0.000490055,0.000734374)
 [0.000488983,0.000551732)
 [0.000488232,0.000720869)
 [0.000487814,0.000545208)
 [0.000486745,0.000509154)
 [0.000486732,0.000535364)
 [0.000486601,0.000620455)
 [0.000486597,0.000504272)
 [0.000483218,0.000550762)
 [0.000482831,0.000551979)
 [0.000481617,0.000552008)
 [0.00048102,0.000496302)
 [0.000477907,0.000549107)
 [0.000476657,0.000588262)
 [0.000475747,0.000489357)
 [0.000475518,0.000513922)
 [0.000474117,0.000676092)
 [0.000473533,0.000594787)
 [0.000472267,0.000537407)
 [0.000471345,0.000611175)
 [0.000471195,0.000569056)
 [0.000470893,0.000673421)
 [0.000468143,0.000614078)
 [0.000468012,0.000519439)
 [0.000467311,0.000518198)
 [0.000465962,0.000595191)
 [0.000465598,0.000587946)
 [0.000463635,0.000493269)
 [0.00046233,0.000633017)
 [0.000460297,0.000560658)
 [0.000459811,0.000478208)
 [0.000458151,0.000522215)
 [0.000457396,0.000498298)
 [0.000455224,0.000484927)
 [0.000454564,0.000553046)
 [0.00045406,0.000454532)
 [0.000453385,0.000476326)
 [0.000453202,0.000467697)
 [0.000447683,0.000500965)
 [0.000447381,0.000472729)
 [0.00044648,0.000510144)
 [0.000445648,0.000561469)
 [0.000445588,0.000467973)
 [0.000444885,0.00048482)
 [0.000444556,0.000457439)
 [0.000444169,0.000457439)
 [0.000443131,0.000527695)
 [0.000436447,0.000606052)
 [0.000434288,0.000609019)
 [0.000432365,0.000493088)
 [0.00042776,0.000444078)
 [0.000426364,0.000597853)
 [0.000423261,0.000455342)
 [0.000422196,0.000485116)
 [0.000421711,0.000431788)
 [0.000420408,0.000531415)
 [0.00042038,0.000491164)
 [0.00041913,0.000471036)
 [0.000418946,0.000423774)
 [0.000413762,0.000463594)
 [0.000412465,0.000627162)
 [0.000409665,0.000460754)
 [0.000409657,0.000461863)
 [0.000409223,0.00043559)
 [0.000408381,0.000488509)
 [0.000407288,0.00065142)
 [0.000406536,0.000431779)
 [0.000406103,0.000461007)
 [0.000404046,0.000465284)
 [0.00040049,0.000510564)
 [0.000399718,0.000442368)
 [0.000397653,0.000532293)
 [0.000395346,0.000482126)
 [0.000391705,0.00058717)
 [0.000390922,0.000401595)
 [0.000386186,0.000406015)
 [0.000385874,0.000437744)
 [0.000383631,0.000423774)
 [0.00038089,0.000416364)
 [0.000380224,0.000381284)
 [0.000380206,0.000383268)
 [0.000379601,0.000490357)
 [0.000378265,0.000511385)
 [0.000377878,0.000384662)
 [0.000377665,0.000377704)
 [0.000375626,0.000482003)
 [0.000369936,0.000456668)
 [0.000366134,0.00048339)
 [0.000364347,0.000387757)
 [0.000357993,0.000363419)
 [0.000352661,0.00039539)
 [0.000352599,0.000384889)
 [0.000351847,0.000385881)
 [0.00035072,0.000379333)
 [0.000350559,0.000378517)
 [0.000348792,0.000421732)
 [0.000345644,0.000415204)
 [0.000342499,0.000462234)
 [0.000338319,0.000384891)
 [0.000332952,0.000352838)
 [0.000332804,0.000429593)
 [0.000321995,0.000341324)
 [0.000316094,0.000341952)
 [0.000311777,0.000326826)
 [0.000309084,0.000317667)
 [0.000306239,0.000309354)
 [0.000305932,0.000338098)
 [0.000295228,0.000390941)
 [0.000293785,0.000316739)
 [0.000287109,0.000346774)
 [0.000276704,0.000282419)
 [0.000268861,0.000273581)
 [0.000231822,0.0002631)
