persistence intervals in dim 1:
 [0.00756777,0.00790368)
 [0.00628626,0.00678724)
 [0.00614659,0.00623264)
 [0.00477676,0.00493266)
 [0.00464099,0.00470447)
 [0.00435164,0.00527575)
 [0.00307245,0.00331575)
 [0.00301949,0.00370224)
 [0.00295184,0.00305021)
 [0.00289012,0.00296112)
 [0.00284987,0.00332822)
 [0.00277973,0.00308789)
 [0.00274451,0.00286046)
 [0.00264759,0.00311132)
 [0.00261718,0.00280723)
 [0.00257067,0.00258536)
 [0.00244965,0.00270948)
 [0.0021291,0.0026917)
 [0.00186914,0.00192028)
 [0.00180475,0.00203199)
 [0.0016946,0.00174126)
 [0.00166709,0.00190901)
 [0.00164879,0.00186728)
 [0.00163545,0.00165014)
 [0.00163464,0.00178159)
 [0.00158891,0.00163725)
 [0.00156262,0.00185293)
 [0.00150136,0.00173913)
 [0.00148996,0.00195101)
 [0.00145471,0.00169418)
 [0.00145239,0.0015322)
 [0.00143802,0.00189885)
 [0.00143587,0.00156328)
 [0.00141523,0.00154734)
 [0.00140933,0.00152795)
 [0.00140857,0.00149943)
 [0.00138033,0.00153904)
 [0.00137215,0.00143443)
 [0.00135182,0.00168003)
 [0.00134676,0.00146101)
 [0.0013255,0.00144486)
 [0.00132193,0.00135469)
 [0.00131288,0.00200413)
 [0.00130708,0.00157561)
 [0.00127566,0.00128083)
 [0.00120716,0.00139834)
 [0.00118838,0.00124181)
 [0.00116514,0.00154754)
 [0.00112939,0.00119073)
 [0.00112774,0.00114238)
 [0.00111504,0.00112637)
 [0.00111102,0.00118895)
 [0.00110973,0.00118941)
 [0.00110349,0.00112355)
 [0.00108147,0.00121728)
 [0.00107902,0.00115321)
 [0.00107592,0.00122831)
 [0.00106174,0.00109089)
 [0.00104715,0.00116922)
 [0.00103005,0.00121552)
 [0.00102059,0.00108922)
 [0.00100913,0.00104468)
 [0.00100337,0.00105534)
 [0.000981239,0.00107589)
 [0.000971406,0.00114063)
 [0.00095738,0.00101844)
 [0.000937459,0.000964107)
 [0.000932574,0.00106767)
 [0.000929497,0.00110622)
 [0.000911132,0.000972027)
 [0.000900591,0.000953283)
 [0.000896089,0.00094936)
 [0.000890027,0.000964228)
 [0.000889383,0.00104804)
 [0.000879648,0.000977121)
 [0.000874569,0.00112524)
 [0.000870765,0.000884299)
 [0.000866915,0.00088732)
 [0.000852827,0.000869956)
 [0.000846363,0.00137004)
 [0.000846235,0.00107759)
 [0.000839966,0.00132765)
 [0.000820127,0.000923622)
 [0.000813529,0.000963127)
 [0.00080739,0.000836586)
 [0.000806063,0.000882604)
 [0.000806005,0.00081911)
 [0.000798089,0.000839651)
 [0.00078859,0.000792853)
 [0.000783887,0.000861413)
 [0.000779247,0.000849869)
 [0.000775659,0.000993147)
 [0.000754612,0.000850222)
 [0.000753014,0.000759386)
 [0.000734725,0.000898868)
 [0.000729297,0.000868175)
 [0.000729244,0.000788189)
 [0.000726674,0.000743793)
 [0.00072521,0.000974179)
 [0.000722815,0.000917523)
 [0.000709572,0.000774238)
 [0.000700477,0.000715936)
 [0.000678558,0.000700449)
 [0.000645466,0.000676147)
 [0.000643853,0.000730727)
 [0.000638397,0.00081222)
 [0.000629618,0.000832111)
 [0.000625524,0.00066898)
 [0.000617911,0.000621237)
 [0.000591557,0.000596483)
 [0.000588884,0.000611591)
 [0.000585958,0.000591639)
 [0.000583355,0.000642458)
 [0.000563605,0.000567218)
 [0.000559454,0.000736344)
 [0.000558173,0.000582771)
 [0.000556535,0.000643634)
 [0.000534636,0.000544669)
 [0.000528625,0.000548461)
 [0.00052581,0.000658191)
 [0.000523821,0.000534024)
 [0.000495622,0.000514894)
 [0.000472968,0.000489343)
 [0.000452985,0.000536777)
 [0.000447686,0.000466192)
 [0.000426229,0.000469233)
 [0.000425553,0.000437008)
 [0.00038849,0.000394856)
 [0.000329046,0.000338646)
 [0.000322568,0.000322639)
 [0.000259609,0.000313558)
