persistence intervals in dim 1:
 [0.00316781,0.00321793)
 [0.00227907,0.00240981)
 [0.00193871,0.0019433)
 [0.000835285,0.000857747)
 [0.000834078,0.000843728)
 [0.000770342,0.000822764)
 [0.000719753,0.000776533)
 [0.000707225,0.000743018)
 [0.000643117,0.00070066)
 [0.000631237,0.000675677)
 [0.000630062,0.00069508)
 [0.000623278,0.000676729)
 [0.00061028,0.000672587)
 [0.00059897,0.00060262)
 [0.000592337,0.000610571)
 [0.000568578,0.000651157)
 [0.000558088,0.000590208)
 [0.00055658,0.000647882)
 [0.000525508,0.000536102)
 [0.000524267,0.000548016)
 [0.000497621,0.000521718)
 [0.000490646,0.000520318)
 [0.000480723,0.000540863)
 [0.000480711,0.000582007)
 [0.000465362,0.000485984)
 [0.000459034,0.000472065)
 [0.000458561,0.000493018)
 [0.000456324,0.000463154)
 [0.000456037,0.000482439)
 [0.000455411,0.000501558)
 [0.000455128,0.00046785)
 [0.000452657,0.000562603)
 [0.000445975,0.000501371)
 [0.000445168,0.000446877)
 [0.000444555,0.000474461)
 [0.000437913,0.000441092)
 [0.000435414,0.000489375)
 [0.000434614,0.000532849)
 [0.000429568,0.000454115)
 [0.000427652,0.000429686)
 [0.000425632,0.00045294)
 [0.000423545,0.000430291)
 [0.000414945,0.000440965)
 [0.000412422,0.00044258)
 [0.000403488,0.000415766)
 [0.000403258,0.000461031)
 [0.00039797,0.000466905)
 [0.000397783,0.000544135)
 [0.000387693,0.000394779)
 [0.000384244,0.000453051)
 [0.000379016,0.000485593)
 [0.000377262,0.000423086)
 [0.000377109,0.000505546)
 [0.000376393,0.000445349)
 [0.000374514,0.00045421)
 [0.00036923,0.000389184)
 [0.000366608,0.000394435)
 [0.000365836,0.000455882)
 [0.000365188,0.000378557)
 [0.000364179,0.000365596)
 [0.000361304,0.000362633)
 [0.000358485,0.000380564)
 [0.000358367,0.000372853)
 [0.000351961,0.00045484)
 [0.000351344,0.000394247)
 [0.00034964,0.000389487)
 [0.000348009,0.000376942)
 [0.000341686,0.000381021)
 [0.000338245,0.000345378)
 [0.000336953,0.000359443)
 [0.000335246,0.000381918)
 [0.000330762,0.000338494)
 [0.000330252,0.000357364)
 [0.000327348,0.000340985)
 [0.000324789,0.000347383)
 [0.000323103,0.000331448)
 [0.000322293,0.000322577)
 [0.000320728,0.000357115)
 [0.000318535,0.000356037)
 [0.000317763,0.000335449)
 [0.000317632,0.000362155)
 [0.000315623,0.00037583)
 [0.000313409,0.00035586)
 [0.000313321,0.000324188)
 [0.000303019,0.000338303)
 [0.000298995,0.000335992)
 [0.000298091,0.000302934)
 [0.000297917,0.0003017)
 [0.000297598,0.000318634)
 [0.000295013,0.000311263)
 [0.000290146,0.000342854)
 [0.000287411,0.00031917)
 [0.00028714,0.000305061)
 [0.000285864,0.000307393)
 [0.000283923,0.000286736)
 [0.000282178,0.000300937)
 [0.000281204,0.000297858)
 [0.000281034,0.000283837)
 [0.000278773,0.000278895)
 [0.000275442,0.000304204)
 [0.000273342,0.000276355)
 [0.00027315,0.000340325)
 [0.000271696,0.000335457)
 [0.000271576,0.000312119)
 [0.000271437,0.000292809)
 [0.00027069,0.000275707)
 [0.000265964,0.000330279)
 [0.000263824,0.000296349)
 [0.00026343,0.000273095)
 [0.000262915,0.000278444)
 [0.000258862,0.000296319)
 [0.000257982,0.000268644)
 [0.000256788,0.000294869)
 [0.000256788,0.00034806)
 [0.000255038,0.000261242)
 [0.000254304,0.000462828)
 [0.000252647,0.000253273)
 [0.000251436,0.000297587)
 [0.000249401,0.000341107)
 [0.000247933,0.000263201)
 [0.000247551,0.000247636)
 [0.000247078,0.000304533)
 [0.000246157,0.00025612)
 [0.000244117,0.00027689)
 [0.000243781,0.000263889)
 [0.000242556,0.000288405)
 [0.000240177,0.000279874)
 [0.000239291,0.000248914)
 [0.000238852,0.000324027)
 [0.000238215,0.000278182)
 [0.000238009,0.000266644)
 [0.000237765,0.000290615)
 [0.000237719,0.00024873)
 [0.000234095,0.000268918)
 [0.000233867,0.000241487)
 [0.000230521,0.000312896)
 [0.000230045,0.000253666)
 [0.000228574,0.000246444)
 [0.000227918,0.000233643)
 [0.000227001,0.000229851)
 [0.000226013,0.000247525)
 [0.000225285,0.000288732)
 [0.000225206,0.000237575)
 [0.000224137,0.000247999)
 [0.000223799,0.000247071)
 [0.000223602,0.000251076)
 [0.000222955,0.000237392)
 [0.00022292,0.000318605)
 [0.00022153,0.000225675)
 [0.000221383,0.000237425)
 [0.000221246,0.000300495)
 [0.00022033,0.00022211)
 [0.000219546,0.0002208)
 [0.000219035,0.000237625)
 [0.00021883,0.00022447)
 [0.000218509,0.000244711)
 [0.000217175,0.000286123)
 [0.000216477,0.000239108)
 [0.000215475,0.000228705)
 [0.000215428,0.000243857)
 [0.000214821,0.000219256)
 [0.000213842,0.000232607)
 [0.000212025,0.000221202)
 [0.000211765,0.000238703)
 [0.000211302,0.000242834)
 [0.000211259,0.000246444)
 [0.000211047,0.000216745)
 [0.000210002,0.000245497)
 [0.00020979,0.000226438)
 [0.000207911,0.00026887)
 [0.000207078,0.000242094)
 [0.000206366,0.000210591)
 [0.000206091,0.000303431)
 [0.000204606,0.000206586)
 [0.000203864,0.000249946)
 [0.00020318,0.000209954)
 [0.000202786,0.000205185)
 [0.000202114,0.000205583)
 [0.000201846,0.000236395)
 [0.000201553,0.000258326)
 [0.000201336,0.000221663)
 [0.000201171,0.000201667)
 [0.00020096,0.000204217)
 [0.000200498,0.000254212)
 [0.000200246,0.000219757)
 [0.000199397,0.000209605)
 [0.000197324,0.000201913)
 [0.000196523,0.000212363)
 [0.00019491,0.00022968)
 [0.000194618,0.000197034)
 [0.000194411,0.000236445)
 [0.000194036,0.000209824)
 [0.000194034,0.000247184)
 [0.000193457,0.000199731)
 [0.000193315,0.000226236)
 [0.000192977,0.000205849)
 [0.000192946,0.00021077)
 [0.000192213,0.000206634)
 [0.000191734,0.000205223)
 [0.00018993,0.000201763)
 [0.000189852,0.000220127)
 [0.000189697,0.000271191)
 [0.000189385,0.000189754)
 [0.000188613,0.000217866)
 [0.000188538,0.000198828)
 [0.000187154,0.000187859)
 [0.000186124,0.000310602)
 [0.000185447,0.00019409)
 [0.000185421,0.000217758)
 [0.000183287,0.000229202)
 [0.000182318,0.000189451)
 [0.000180253,0.000218369)
 [0.000180242,0.000228242)
 [0.000179724,0.000200885)
 [0.000179542,0.000196485)
 [0.000179447,0.000261271)
 [0.000179042,0.00020409)
 [0.000176369,0.000176591)
 [0.000176211,0.000180941)
 [0.000175421,0.000180119)
 [0.000172661,0.000220058)
 [0.000172457,0.000266131)
 [0.000171577,0.000218492)
 [0.000170422,0.000180119)
 [0.000169394,0.000208296)
 [0.000168805,0.000180941)
 [0.00016849,0.000185689)
 [0.000168302,0.00025071)
 [0.000168134,0.000177788)
 [0.000167865,0.000185612)
 [0.000167651,0.000218166)
 [0.000167408,0.000177788)
 [0.000166713,0.000243036)
 [0.000165441,0.000222159)
 [0.000164383,0.000261417)
 [0.000163763,0.000163833)
 [0.000163564,0.000183887)
 [0.000162722,0.000169451)
 [0.000161855,0.000198219)
 [0.000161773,0.000177216)
 [0.000161158,0.000185689)
 [0.000160776,0.000189277)
 [0.000160516,0.000190978)
 [0.000160491,0.000164817)
 [0.000159903,0.000164514)
 [0.000159354,0.000166246)
 [0.000159204,0.000178237)
 [0.000158586,0.000177889)
 [0.000157158,0.000178396)
 [0.00015559,0.000190297)
 [0.000155131,0.000214553)
 [0.00015287,0.000185108)
 [0.000152096,0.00023005)
 [0.000150864,0.000176484)
 [0.00014707,0.000152341)
 [0.000144367,0.00017726)
 [0.000143616,0.000147979)
 [0.000143421,0.000144999)
 [0.000143203,0.000143407)
 [0.00014038,0.000151371)
 [0.00013783,0.000176214)
 [0.000129142,0.000150381)
 [0.000125134,0.000133868)
 [0.000119097,0.000133458)
 [0.000118915,0.000142487)
 [9.9951e-05,0.000125768)
 [8.70282e-05,9.17969e-05)
