persistence intervals in dim 1:
 [0.0193401,0.0199422)
 [0.0069208,0.00776277)
 [0.00578953,0.00615173)
 [0.00403161,0.00441816)
 [0.00401169,0.0042732)
 [0.00367361,0.00367529)
 [0.00347618,0.00392239)
 [0.00344085,0.00345728)
 [0.00336636,0.00343707)
 [0.00335257,0.00341433)
 [0.00323856,0.00341815)
 [0.00314709,0.00318498)
 [0.00314457,0.00328089)
 [0.00308583,0.00336474)
 [0.00307589,0.00328019)
 [0.00303569,0.00333653)
 [0.00303327,0.00306354)
 [0.00299625,0.00411755)
 [0.00290644,0.00307506)
 [0.00284795,0.00289421)
 [0.00283911,0.00287455)
 [0.00283909,0.00352929)
 [0.00282229,0.00284591)
 [0.00276224,0.002826)
 [0.002762,0.00296907)
 [0.00269236,0.00278794)
 [0.00267705,0.00294937)
 [0.00264005,0.00269364)
 [0.00258668,0.00290966)
 [0.00256084,0.00257595)
 [0.0025458,0.00290284)
 [0.00251017,0.00278911)
 [0.00250637,0.00307423)
 [0.00247227,0.00305912)
 [0.00246896,0.00248694)
 [0.00243321,0.00245363)
 [0.00243072,0.00252299)
 [0.00242568,0.00299212)
 [0.00239252,0.00307085)
 [0.00237874,0.00268377)
 [0.00236745,0.00270393)
 [0.00235237,0.00246771)
 [0.00234462,0.00308587)
 [0.00233042,0.00255179)
 [0.00232892,0.00256934)
 [0.00227359,0.00238459)
 [0.00225208,0.00254419)
 [0.00222247,0.00259312)
 [0.00221506,0.00303634)
 [0.00220395,0.00246764)
 [0.00218841,0.00222599)
 [0.00216862,0.00218019)
 [0.00215502,0.00249986)
 [0.00209842,0.00214099)
 [0.00207353,0.00210509)
 [0.0020705,0.00260728)
 [0.00206415,0.00247917)
 [0.00205357,0.00232396)
 [0.0020254,0.00243699)
 [0.00202368,0.00214092)
 [0.00197816,0.00247978)
 [0.00197437,0.00200417)
 [0.00196773,0.00242478)
 [0.00195821,0.00229196)
 [0.00193565,0.00201308)
 [0.00193278,0.00202881)
 [0.00190124,0.00202606)
 [0.00189051,0.00223816)
 [0.00188601,0.0019172)
 [0.00188563,0.00212737)
 [0.00188545,0.00191523)
 [0.00187928,0.00215001)
 [0.00185741,0.00206697)
 [0.00185425,0.00186248)
 [0.00184222,0.00209744)
 [0.0018353,0.00205235)
 [0.00182705,0.00204525)
 [0.00181191,0.00191081)
 [0.00180844,0.0018227)
 [0.00180331,0.00194401)
 [0.00180254,0.00186029)
 [0.00179681,0.00213424)
 [0.00179311,0.00211429)
 [0.00178732,0.00223779)
 [0.00176785,0.00200337)
 [0.00176337,0.00243336)
 [0.00175789,0.00184241)
 [0.00175425,0.00263027)
 [0.00171749,0.00198322)
 [0.00170991,0.00173459)
 [0.00170607,0.00181356)
 [0.0017058,0.00172688)
 [0.00170406,0.00195169)
 [0.00168994,0.00234404)
 [0.00168758,0.00170471)
 [0.00166106,0.00221699)
 [0.0016549,0.00188456)
 [0.00164972,0.0019832)
 [0.00164616,0.00184667)
 [0.0016448,0.00169248)
 [0.00164102,0.00204893)
 [0.00163802,0.00186154)
 [0.00162586,0.00184375)
 [0.00161891,0.00216773)
 [0.00161237,0.00164577)
 [0.00160694,0.00232984)
 [0.00160099,0.00161708)
 [0.00159893,0.00198471)
 [0.00159888,0.00173512)
 [0.00159004,0.00168638)
 [0.0015772,0.00159757)
 [0.00157164,0.00183534)
 [0.00157133,0.00160349)
 [0.00157032,0.00163511)
 [0.00156813,0.0017538)
 [0.00155977,0.00207534)
 [0.00154468,0.00170493)
 [0.00154327,0.00157888)
 [0.00154208,0.00170851)
 [0.00153821,0.00160693)
 [0.00153503,0.001668)
 [0.00152964,0.00154634)
 [0.00152624,0.00195344)
 [0.0015262,0.001746)
 [0.00152551,0.00201479)
 [0.00152377,0.002095)
 [0.00150547,0.00163914)
 [0.00148616,0.00174069)
 [0.00147601,0.00173358)
 [0.00147457,0.00152547)
 [0.0014683,0.00170289)
 [0.00146616,0.00150714)
 [0.0014658,0.00156048)
 [0.00145307,0.00156815)
 [0.00145164,0.00161013)
 [0.00145001,0.00150857)
 [0.00143894,0.00166996)
 [0.00143893,0.00159967)
 [0.00143624,0.00149126)
 [0.00142184,0.00181658)
 [0.0014189,0.00162806)
 [0.00141859,0.00147115)
 [0.00141355,0.00151067)
 [0.00141312,0.00202132)
 [0.00139527,0.00170578)
 [0.00139485,0.00139862)
 [0.00139465,0.00174419)
 [0.00138353,0.00174898)
 [0.0013795,0.00203494)
 [0.00137759,0.00146959)
 [0.0013612,0.00151354)
 [0.00135489,0.00136464)
 [0.00135193,0.00154568)
 [0.00134948,0.00147361)
 [0.00134824,0.00157599)
 [0.00134127,0.00139934)
 [0.00134093,0.00154981)
 [0.00133827,0.00146334)
 [0.0013278,0.00163711)
 [0.00131408,0.00164647)
 [0.00130696,0.00164921)
 [0.00129634,0.00136806)
 [0.00129282,0.00152107)
 [0.0012928,0.00129877)
 [0.0012839,0.00129289)
 [0.00127994,0.00128463)
 [0.00127965,0.00180478)
 [0.00127707,0.00133956)
 [0.0012739,0.00148237)
 [0.00127276,0.00161989)
 [0.00127235,0.00143853)
 [0.00126485,0.00139182)
 [0.00126183,0.00150447)
 [0.00125966,0.00128259)
 [0.00125757,0.00128058)
 [0.00124533,0.00140043)
 [0.00122546,0.00137735)
 [0.00121808,0.00172263)
 [0.00121425,0.00174061)
 [0.00121037,0.00185678)
 [0.00120719,0.00160762)
 [0.00120653,0.00129462)
 [0.00120603,0.00136619)
 [0.00120599,0.00123756)
 [0.00119728,0.00121067)
 [0.00119709,0.00133226)
 [0.00119675,0.00204094)
 [0.00119583,0.00128389)
 [0.00119469,0.00137592)
 [0.00119199,0.00131119)
 [0.00118884,0.0012528)
 [0.00118409,0.0015367)
 [0.00117652,0.0012528)
 [0.00116588,0.00126422)
 [0.00116555,0.00134031)
 [0.00115108,0.00119047)
 [0.00114706,0.00117343)
 [0.00113835,0.00127305)
 [0.00113802,0.00125733)
 [0.00113592,0.00127681)
 [0.00113587,0.00134219)
 [0.00113319,0.00118573)
 [0.00113058,0.00126816)
 [0.0011246,0.00128736)
 [0.0011219,0.0013557)
 [0.00112184,0.00119169)
 [0.00111589,0.00116169)
 [0.00111374,0.00138046)
 [0.00110743,0.00131826)
 [0.00110427,0.00112971)
 [0.00109292,0.00109651)
 [0.00109184,0.00114032)
 [0.00108859,0.00110196)
 [0.00108667,0.00111259)
 [0.00107209,0.00125394)
 [0.00106863,0.00114036)
 [0.00106626,0.00121985)
 [0.00106137,0.00113492)
 [0.00105738,0.00105739)
 [0.00105698,0.00129775)
 [0.00105235,0.00120401)
 [0.00105013,0.00150052)
 [0.00105001,0.0010965)
 [0.00104797,0.0014781)
 [0.00101732,0.00105778)
 [0.00101701,0.00102864)
 [0.00100697,0.00169772)
 [0.00100602,0.00109677)
 [0.00100494,0.00103202)
 [0.00100213,0.0010558)
 [0.000997902,0.00119614)
 [0.000992362,0.00112105)
 [0.000987673,0.00111459)
 [0.000984327,0.00117768)
 [0.000983096,0.00109015)
 [0.000977921,0.00106452)
 [0.000974595,0.0014048)
 [0.000963589,0.000975456)
 [0.000956305,0.00126803)
 [0.000953073,0.00110668)
 [0.000948437,0.00107025)
 [0.000948368,0.000960318)
 [0.000945626,0.00103906)
 [0.000944417,0.000961805)
 [0.000933918,0.00111839)
 [0.000932909,0.00112579)
 [0.000932265,0.00104646)
 [0.000931284,0.00114214)
 [0.000929259,0.00114634)
 [0.000914592,0.00135002)
 [0.000905633,0.000941277)
 [0.000892432,0.000981645)
 [0.000856445,0.000994221)
 [0.000854856,0.000976465)
 [0.000851835,0.00108524)
 [0.000851407,0.00101892)
 [0.000834352,0.000896925)
 [0.000791098,0.00111127)
 [0.000785347,0.000858106)
 [0.00078066,0.000859151)
 [0.000773841,0.000976405)
 [0.000762129,0.000973024)
 [0.000729917,0.000748906)
 [0.000674292,0.000718694)
 [0.000661776,0.000786598)
 [0.000555767,0.000581419)
