persistence intervals in dim 1:
 [0.0228306,0.0232745)
 [0.0173173,0.0190063)
 [0.0151555,0.0152148)
 [0.0141983,0.0153979)
 [0.0130768,0.0131599)
 [0.0127281,0.0129726)
 [0.0126629,0.0134169)
 [0.0122177,0.012798)
 [0.0112841,0.0116786)
 [0.011,0.0121328)
 [0.0104897,0.0114416)
 [0.0104528,0.0104616)
 [0.0103967,0.010439)
 [0.00954145,0.00995238)
 [0.00936226,0.00952987)
 [0.0090432,0.00929116)
 [0.00884117,0.0103331)
 [0.00867578,0.00914701)
 [0.0086164,0.010315)
 [0.00803764,0.00821509)
 [0.00758246,0.0079158)
 [0.00755674,0.00827491)
 [0.00734914,0.0096785)
 [0.00730121,0.00801822)
 [0.00716153,0.00726766)
 [0.00704905,0.00907983)
 [0.00680799,0.0069497)
 [0.00654878,0.0066172)
 [0.00601466,0.00730894)
 [0.00597143,0.0061068)
 [0.00579548,0.00605008)
 [0.00576545,0.00631221)
 [0.00570873,0.00573653)
 [0.00564406,0.00724908)
 [0.00547683,0.00552893)
 [0.00534956,0.00576434)
 [0.00531913,0.00553864)
 [0.00517712,0.00521556)
 [0.0051724,0.00651715)
 [0.0051723,0.00654479)
 [0.00511623,0.00523083)
 [0.00509811,0.00548326)
 [0.00497109,0.0063758)
 [0.00495786,0.0056474)
 [0.00487094,0.00511631)
 [0.00483531,0.00503294)
 [0.00467187,0.00732123)
 [0.00464428,0.00473007)
 [0.00459674,0.00477014)
 [0.00452315,0.00455147)
 [0.0044887,0.0056239)
 [0.00441805,0.00635292)
 [0.00436998,0.00470467)
 [0.00435143,0.00540078)
 [0.00434491,0.00539721)
 [0.00434333,0.00458074)
 [0.00431394,0.00487047)
 [0.00430538,0.00440155)
 [0.00429748,0.00546446)
 [0.0042807,0.0046076)
 [0.0042424,0.00605585)
 [0.00423192,0.00580238)
 [0.0042311,0.00452888)
 [0.00415951,0.00468732)
 [0.00415883,0.0045642)
 [0.00410593,0.00429791)
 [0.00400735,0.00442964)
 [0.00400319,0.00423599)
 [0.00396057,0.00399574)
 [0.0039451,0.00399753)
 [0.00391811,0.0043389)
 [0.00390043,0.00428273)
 [0.00389643,0.00467657)
 [0.00387692,0.00408124)
 [0.00386912,0.00399574)
 [0.00383857,0.00434416)
 [0.00365493,0.00523431)
 [0.00364687,0.0037868)
 [0.00364293,0.00461778)
 [0.0036099,0.00402687)
 [0.00356427,0.00399655)
 [0.00350975,0.00426135)
 [0.00348576,0.00422641)
 [0.00347103,0.00430926)
 [0.00340938,0.00378637)
 [0.00339765,0.0034355)
 [0.00338936,0.00362882)
 [0.00333516,0.00377615)
 [0.00330107,0.00343703)
 [0.00327576,0.00329232)
 [0.00326155,0.00373477)
 [0.00325924,0.00346411)
 [0.00325868,0.00336919)
 [0.00325461,0.00343233)
 [0.00316559,0.00324236)
 [0.0031187,0.00317813)
 [0.0031116,0.00445253)
 [0.00309564,0.00310035)
 [0.0030604,0.00343444)
 [0.00304122,0.00331071)
 [0.00300776,0.00335245)
 [0.0029568,0.00296101)
 [0.00294784,0.00312725)
 [0.00292435,0.00370546)
 [0.00291544,0.00351054)
 [0.00289702,0.00312062)
 [0.00289655,0.00312949)
 [0.00289345,0.00313311)
 [0.00288942,0.00301883)
 [0.00286142,0.00293354)
 [0.00283423,0.00296443)
 [0.002826,0.00374681)
 [0.00282138,0.00314397)
 [0.00281355,0.00344623)
 [0.00281195,0.00365502)
 [0.00279588,0.00385812)
 [0.00277493,0.00279064)
 [0.00276446,0.00325963)
 [0.00275592,0.00280804)
 [0.00273307,0.00371421)
 [0.00267933,0.00305516)
 [0.00266877,0.00327923)
 [0.00266229,0.00280848)
 [0.00266193,0.00284325)
 [0.00264529,0.00334977)
 [0.00260613,0.00264825)
 [0.00259979,0.00265876)
 [0.0025899,0.00301829)
 [0.0025893,0.00288764)
 [0.00258841,0.00278293)
 [0.00258244,0.00265829)
 [0.00257967,0.00314231)
 [0.00256621,0.00259985)
 [0.00256118,0.00279852)
 [0.00255935,0.00312987)
 [0.00253955,0.0025619)
 [0.00252831,0.00259822)
 [0.00252511,0.00281677)
 [0.00249458,0.00268206)
 [0.0024785,0.00264464)
 [0.00246063,0.0036264)
 [0.00245934,0.00287191)
 [0.00244182,0.00248585)
 [0.0024152,0.00260643)
 [0.00241029,0.00257105)
 [0.00240837,0.00268175)
 [0.00239578,0.0027774)
 [0.00239149,0.00266131)
 [0.00235406,0.00248766)
 [0.00235283,0.00257087)
 [0.00233613,0.00242805)
 [0.00227702,0.00269788)
 [0.00226258,0.00243324)
 [0.00221125,0.003315)
 [0.00219926,0.00271645)
 [0.0021682,0.0023653)
 [0.00207246,0.00222176)
 [0.00204366,0.00231735)
 [0.00204315,0.00219402)
 [0.00204007,0.00212457)
 [0.001955,0.00227723)
 [0.00193741,0.00218501)
 [0.00190786,0.0019978)
 [0.0018988,0.00191918)
 [0.00182795,0.00190064)
 [0.00179762,0.00209111)
 [0.00177027,0.00235261)
 [0.0017434,0.00198791)
 [0.00157197,0.00173562)
 [0.00156911,0.00188649)
 [0.00146833,0.00148955)
 [0.00136378,0.00145175)
 [0.00135,0.00140986)
 [0.00130977,0.00140581)
 [0.00100815,0.00101182)
