persistence intervals in dim 1:
 [0.00528498,0.00590139)
 [0.00484784,0.00495836)
 [0.00462014,0.0047711)
 [0.00423767,0.00434666)
 [0.00413426,0.00434471)
 [0.00389579,0.00427903)
 [0.00376704,0.00407218)
 [0.00373864,0.00454244)
 [0.00366132,0.00389944)
 [0.00342988,0.00405701)
 [0.00339243,0.00405751)
 [0.00337544,0.0034379)
 [0.0033289,0.00387789)
 [0.00330981,0.00331726)
 [0.0033023,0.00349605)
 [0.00325116,0.00387352)
 [0.00323533,0.00358055)
 [0.00323281,0.00374074)
 [0.00312784,0.0033704)
 [0.00311235,0.00325868)
 [0.00307198,0.00348297)
 [0.00306965,0.00358816)
 [0.00303997,0.00324361)
 [0.00299361,0.00406993)
 [0.00296933,0.00327555)
 [0.00291677,0.00293986)
 [0.00285094,0.00395376)
 [0.00282765,0.00285636)
 [0.00280413,0.00280737)
 [0.00275587,0.00326996)
 [0.0027343,0.00276534)
 [0.00273257,0.00282773)
 [0.00271716,0.0035507)
 [0.00271544,0.00290318)
 [0.00267379,0.00291484)
 [0.002639,0.00310956)
 [0.00262461,0.00262867)
 [0.00253063,0.00291381)
 [0.00246613,0.00247543)
 [0.00243813,0.00259639)
 [0.00243367,0.00264214)
 [0.00241132,0.00255331)
 [0.00239793,0.00272104)
 [0.00239632,0.00283016)
 [0.00237215,0.00251736)
 [0.00236735,0.00242406)
 [0.00235306,0.00255553)
 [0.00233774,0.00268385)
 [0.00229945,0.00249262)
 [0.00228429,0.00320306)
 [0.00228126,0.00258084)
 [0.00228111,0.0031868)
 [0.00227411,0.00251232)
 [0.00226099,0.0023928)
 [0.00225431,0.00328575)
 [0.00225037,0.00256796)
 [0.00224968,0.00250307)
 [0.00224316,0.00240111)
 [0.00223978,0.00295928)
 [0.00222471,0.0023621)
 [0.00220972,0.00225456)
 [0.00219801,0.00233235)
 [0.00219529,0.00231147)
 [0.00219016,0.00257796)
 [0.00218767,0.00255457)
 [0.00216723,0.0022859)
 [0.00215227,0.00233903)
 [0.00213967,0.00222986)
 [0.00213937,0.00249183)
 [0.0021287,0.00256461)
 [0.00211586,0.00214517)
 [0.00210263,0.00282532)
 [0.00208482,0.00234639)
 [0.00208421,0.00243625)
 [0.00207974,0.00214682)
 [0.00206711,0.00218972)
 [0.00206327,0.0023255)
 [0.00203848,0.00211601)
 [0.00199349,0.00203006)
 [0.00198776,0.00221079)
 [0.00198349,0.00210662)
 [0.00196789,0.00265653)
 [0.00192521,0.00220488)
 [0.00192201,0.00217469)
 [0.00190897,0.00212171)
 [0.00186182,0.00190351)
 [0.00186054,0.00189662)
 [0.0018583,0.00253431)
 [0.00185325,0.00196205)
 [0.00185317,0.00213016)
 [0.0018473,0.00195574)
 [0.00183844,0.00191491)
 [0.0018367,0.00192566)
 [0.00183106,0.00200769)
 [0.00183095,0.00194891)
 [0.00182972,0.00193838)
 [0.00181817,0.00218699)
 [0.00181042,0.00182744)
 [0.00179999,0.00188106)
 [0.00178906,0.00185114)
 [0.00177832,0.00182502)
 [0.00175636,0.00179381)
 [0.0017491,0.00212487)
 [0.00174556,0.00195325)
 [0.00174453,0.00191433)
 [0.00173991,0.002116)
 [0.00173544,0.00173692)
 [0.00172863,0.00184627)
 [0.00172802,0.0025472)
 [0.00171034,0.00171386)
 [0.00170988,0.0019875)
 [0.001695,0.00182267)
 [0.00168636,0.0016896)
 [0.00167415,0.00236243)
 [0.0016672,0.00181323)
 [0.00165759,0.00196827)
 [0.00165747,0.00217133)
 [0.00164343,0.00184177)
 [0.00163593,0.00174786)
 [0.00163287,0.00193279)
 [0.00162016,0.0017671)
 [0.00161373,0.00204252)
 [0.00160469,0.00200276)
 [0.00160434,0.00167419)
 [0.00160429,0.00178444)
 [0.00160112,0.00166344)
 [0.00160073,0.0019254)
 [0.00160009,0.00163039)
 [0.00158976,0.00206469)
 [0.00158677,0.00215089)
 [0.00157211,0.00193902)
 [0.00155681,0.0017929)
 [0.00154796,0.00167495)
 [0.00154741,0.0015656)
 [0.00154177,0.00200587)
 [0.00151914,0.00186771)
 [0.00151525,0.00182459)
 [0.00151048,0.00178413)
 [0.00150551,0.00184957)
 [0.00150309,0.00193379)
 [0.00150212,0.00207115)
 [0.00150198,0.00223542)
 [0.00148475,0.00193692)
 [0.00148299,0.00177946)
 [0.00147278,0.00153212)
 [0.0014637,0.00174869)
 [0.00146054,0.00150829)
 [0.00144457,0.00166454)
 [0.00144455,0.00159384)
 [0.00140597,0.00145086)
 [0.00139707,0.0014662)
 [0.00139373,0.00158646)
 [0.00138998,0.00141668)
 [0.00137962,0.00142234)
 [0.00137096,0.00187773)
 [0.00136967,0.00155296)
 [0.00136894,0.00137578)
 [0.00136593,0.00154557)
 [0.00136421,0.00141014)
 [0.0013464,0.00154676)
 [0.00133146,0.00146364)
 [0.00133058,0.00136207)
 [0.0013065,0.0013863)
 [0.00130477,0.00142012)
 [0.00129915,0.00133492)
 [0.00129884,0.00147637)
 [0.00129813,0.00146942)
 [0.00129565,0.00157815)
 [0.00128737,0.00134718)
 [0.00126848,0.00131084)
 [0.00126501,0.00136476)
 [0.00124787,0.0015689)
 [0.00124216,0.00134136)
 [0.00123858,0.00132296)
 [0.00123077,0.00133184)
 [0.00122233,0.00130674)
 [0.00122058,0.00126357)
 [0.00121991,0.00142001)
 [0.0012138,0.00135168)
 [0.00120648,0.00127541)
 [0.00119369,0.00135636)
 [0.00119161,0.00123006)
 [0.00118436,0.00127582)
 [0.0011752,0.00136061)
 [0.00114632,0.00149018)
 [0.00113229,0.00122351)
 [0.00113129,0.00114957)
 [0.00112122,0.00116313)
 [0.00112025,0.00120254)
 [0.00111487,0.00111682)
 [0.00109638,0.00120023)
 [0.00108922,0.00113414)
 [0.00107476,0.00124223)
 [0.00106766,0.00133992)
 [0.00105324,0.00113498)
 [0.00102382,0.0010272)
 [0.00102329,0.0012457)
 [0.00101633,0.00124159)
 [0.00101373,0.00114567)
 [0.00100337,0.00108402)
 [0.000959975,0.000985515)
 [0.000950586,0.00102424)
 [0.00091233,0.000913579)
 [0.000868945,0.000980815)
 [0.000865751,0.000926886)
 [0.000796448,0.000817834)
 [0.000742991,0.000803223)
 [0.000699524,0.000716561)
