persistence intervals in dim 1:
 [0.0097589,0.0102865)
 [0.00786896,0.0080789)
 [0.00610149,0.00646894)
 [0.00498461,0.00506611)
 [0.00463503,0.00488091)
 [0.00461802,0.00703584)
 [0.00449429,0.00508346)
 [0.00434239,0.0050578)
 [0.00421692,0.00452159)
 [0.00393658,0.00408533)
 [0.00388224,0.00411657)
 [0.00387304,0.00399152)
 [0.00366371,0.00401596)
 [0.00357337,0.00401128)
 [0.00350041,0.00374441)
 [0.00339753,0.0038766)
 [0.00339089,0.00370895)
 [0.00338236,0.00343584)
 [0.00314904,0.00326335)
 [0.00314215,0.0033501)
 [0.00313925,0.00342825)
 [0.00308584,0.00381482)
 [0.00305737,0.00333939)
 [0.00294654,0.00337113)
 [0.00294504,0.00318329)
 [0.00291708,0.00310428)
 [0.00290904,0.00293526)
 [0.00275755,0.0028232)
 [0.00271396,0.00274293)
 [0.00270958,0.00328086)
 [0.00268607,0.00322095)
 [0.00262362,0.00270977)
 [0.00262109,0.00297332)
 [0.00261522,0.00302477)
 [0.00261039,0.00269533)
 [0.00261009,0.00266006)
 [0.0025844,0.00285459)
 [0.00258347,0.00301039)
 [0.00254579,0.00263431)
 [0.00247018,0.00272045)
 [0.00244685,0.00288321)
 [0.00242743,0.00283246)
 [0.00241402,0.00264392)
 [0.00241084,0.00284174)
 [0.00238929,0.00268697)
 [0.00238561,0.00285905)
 [0.00237069,0.00251018)
 [0.00227763,0.00254639)
 [0.00225833,0.0024462)
 [0.00224597,0.00241681)
 [0.0022282,0.00247615)
 [0.00222045,0.0025199)
 [0.00221607,0.00228043)
 [0.00219903,0.00226631)
 [0.0021965,0.00235443)
 [0.00219536,0.00228982)
 [0.00219068,0.00255336)
 [0.00218706,0.00226566)
 [0.00218267,0.00226293)
 [0.00217967,0.00237239)
 [0.00217103,0.00230995)
 [0.00216998,0.00254725)
 [0.00216853,0.00241345)
 [0.00216426,0.00219326)
 [0.0021641,0.00291632)
 [0.00215785,0.00224814)
 [0.00215437,0.00246168)
 [0.00215061,0.00221214)
 [0.00214998,0.00258411)
 [0.00213884,0.00221991)
 [0.00213151,0.00230013)
 [0.00212717,0.00239673)
 [0.00212357,0.00214343)
 [0.00212111,0.00225884)
 [0.00211612,0.00213396)
 [0.002116,0.00219728)
 [0.00209205,0.00290905)
 [0.00206454,0.00375268)
 [0.00206386,0.00291705)
 [0.0020513,0.00235955)
 [0.00202022,0.00212291)
 [0.0020157,0.00228531)
 [0.00201555,0.00209117)
 [0.00201386,0.00222992)
 [0.00201361,0.00208654)
 [0.00201267,0.00222781)
 [0.00200616,0.00223544)
 [0.00199392,0.00209858)
 [0.00199372,0.00221617)
 [0.00198931,0.00205418)
 [0.00196798,0.00296688)
 [0.00195554,0.00255301)
 [0.00195353,0.00208292)
 [0.00194994,0.00217939)
 [0.00193658,0.00208609)
 [0.00193092,0.00196338)
 [0.00191747,0.00223831)
 [0.00188284,0.00198711)
 [0.00188171,0.00191351)
 [0.00188143,0.00212704)
 [0.0018525,0.00199967)
 [0.00184637,0.00185882)
 [0.001845,0.00225217)
 [0.00183983,0.00214555)
 [0.0018396,0.00241567)
 [0.00183849,0.0019085)
 [0.00182372,0.00193539)
 [0.00182358,0.00202748)
 [0.0018057,0.00182489)
 [0.00179907,0.00184279)
 [0.00178051,0.00197357)
 [0.00177643,0.00188791)
 [0.00177305,0.00190369)
 [0.00177128,0.00209086)
 [0.00177011,0.00187815)
 [0.0017531,0.00188289)
 [0.0017442,0.00234216)
 [0.00173647,0.00185202)
 [0.00172948,0.00176492)
 [0.00172902,0.00202084)
 [0.00172457,0.00205163)
 [0.00172154,0.00214075)
 [0.0017208,0.00243609)
 [0.00171999,0.00192342)
 [0.00171832,0.00176585)
 [0.00171483,0.00179735)
 [0.00171179,0.00211048)
 [0.00170879,0.00171366)
 [0.00168909,0.00169368)
 [0.00167933,0.00170081)
 [0.00167056,0.00195698)
 [0.00166834,0.00175327)
 [0.00165745,0.00172216)
 [0.00165371,0.00247535)
 [0.00165276,0.00176359)
 [0.00164466,0.00175366)
 [0.00163901,0.00185264)
 [0.00163651,0.00186333)
 [0.00163186,0.00180156)
 [0.0016261,0.00165882)
 [0.00162128,0.00201797)
 [0.00161997,0.0017942)
 [0.00161345,0.00167063)
 [0.0016115,0.00199744)
 [0.00160919,0.00180412)
 [0.00160342,0.00167026)
 [0.00160267,0.00169659)
 [0.00159741,0.00178779)
 [0.00159493,0.00179127)
 [0.00159345,0.00164742)
 [0.00158509,0.00198927)
 [0.00158424,0.00166508)
 [0.00157574,0.00198469)
 [0.00157397,0.00199262)
 [0.00156675,0.00161889)
 [0.00156401,0.00255112)
 [0.00155749,0.00187216)
 [0.00155246,0.00191978)
 [0.00154856,0.00175142)
 [0.00153387,0.00171891)
 [0.00152777,0.00164865)
 [0.00152301,0.00176724)
 [0.00151951,0.00156541)
 [0.00150155,0.00201952)
 [0.00150077,0.00178663)
 [0.00149675,0.00214559)
 [0.00149201,0.0015102)
 [0.00149146,0.00166465)
 [0.00148902,0.00181847)
 [0.00148875,0.0019202)
 [0.00148749,0.00189218)
 [0.00148644,0.00201384)
 [0.00148143,0.00171754)
 [0.0014804,0.00175364)
 [0.0014799,0.00156433)
 [0.00147599,0.001895)
 [0.00147092,0.00150339)
 [0.00145819,0.00199046)
 [0.00145161,0.00176169)
 [0.00145147,0.00156776)
 [0.00144674,0.0017197)
 [0.00143869,0.00186912)
 [0.00143272,0.00163746)
 [0.00142782,0.00209105)
 [0.00142418,0.00148857)
 [0.00142273,0.0016583)
 [0.00141794,0.00145606)
 [0.00141479,0.00142278)
 [0.00139402,0.00152512)
 [0.00139343,0.0019297)
 [0.00139093,0.00163314)
 [0.00138987,0.00149477)
 [0.00137881,0.00167958)
 [0.00137636,0.00152418)
 [0.00137536,0.00158305)
 [0.00137439,0.00140111)
 [0.00136564,0.00164698)
 [0.00136526,0.00215066)
 [0.00135936,0.00153398)
 [0.00135118,0.00165633)
 [0.00134172,0.00168185)
 [0.00133843,0.00142814)
 [0.00133822,0.0016827)
 [0.00133434,0.0016906)
 [0.00132882,0.00138846)
 [0.00132371,0.001598)
 [0.00132098,0.00134208)
 [0.00131689,0.0014677)
 [0.00131267,0.00151441)
 [0.00129299,0.00139197)
 [0.00129055,0.00145936)
 [0.00128888,0.00138268)
 [0.00128608,0.00132277)
 [0.00128573,0.00140034)
 [0.00127531,0.0014308)
 [0.00127224,0.00140499)
 [0.00126136,0.00139901)
 [0.00125442,0.00151711)
 [0.00124732,0.00125339)
 [0.00122964,0.00141674)
 [0.00120858,0.00139312)
 [0.00120384,0.00128566)
 [0.00120334,0.0012821)
 [0.00119846,0.00130073)
 [0.00118803,0.00122176)
 [0.00118427,0.00120399)
 [0.00117785,0.00125476)
 [0.00117162,0.00124636)
 [0.00115582,0.00139575)
 [0.0011491,0.00128773)
 [0.00113971,0.00146329)
 [0.00113857,0.00119183)
 [0.0011204,0.00119903)
 [0.00111779,0.00134685)
 [0.00111314,0.0015056)
 [0.00111294,0.0012645)
 [0.00110542,0.00125046)
 [0.00110123,0.00138878)
 [0.00109298,0.00132096)
 [0.00106713,0.00111943)
 [0.00105617,0.00130506)
 [0.00105593,0.00107786)
 [0.00105374,0.00164849)
 [0.0010498,0.00125796)
 [0.00104176,0.00114789)
 [0.00102668,0.00105009)
 [0.00102355,0.00137614)
 [0.00102136,0.00134294)
 [0.00102097,0.00116894)
 [0.00101798,0.00129565)
 [0.00100742,0.00105885)
 [0.00100411,0.00126444)
 [0.000999022,0.00120025)
 [0.000991461,0.00119713)
 [0.00097848,0.00120242)
 [0.00097339,0.00106623)
 [0.000973181,0.00102459)
 [0.000971614,0.000994913)
 [0.000965547,0.00114061)
 [0.000948527,0.00134984)
 [0.000939529,0.00118441)
 [0.000924865,0.000929137)
 [0.000917268,0.000970563)
 [0.000899529,0.00104074)
 [0.000880877,0.000942731)
 [0.000862001,0.000916193)
 [0.000822482,0.000851329)
 [0.000801623,0.000813749)
