persistence intervals in dim 1:
 [0.00633236,0.0077102)
 [0.00615551,0.00651251)
 [0.00598475,0.00603178)
 [0.0059482,0.00715747)
 [0.00592708,0.00694333)
 [0.00536232,0.00554903)
 [0.00526992,0.00555831)
 [0.00505705,0.00541216)
 [0.00501343,0.00513821)
 [0.00490242,0.00491791)
 [0.00489579,0.00551004)
 [0.00474311,0.0049448)
 [0.00472678,0.00528016)
 [0.00471709,0.00487874)
 [0.00454916,0.00479217)
 [0.00443535,0.00466258)
 [0.0044166,0.00443351)
 [0.00441186,0.00480667)
 [0.00441061,0.00484908)
 [0.00433347,0.00522677)
 [0.00432752,0.00487799)
 [0.00429839,0.00456253)
 [0.00424531,0.00433086)
 [0.00421124,0.00422629)
 [0.00420586,0.00465977)
 [0.00408398,0.00436553)
 [0.00403259,0.00452402)
 [0.00388255,0.00391318)
 [0.00384035,0.0038829)
 [0.00380507,0.00401054)
 [0.00380031,0.00401483)
 [0.00379446,0.00418962)
 [0.00377481,0.00387154)
 [0.00366008,0.00444003)
 [0.00362272,0.00466062)
 [0.00356907,0.00365832)
 [0.00352062,0.00380351)
 [0.00349315,0.00390603)
 [0.0034831,0.00402145)
 [0.00344379,0.00384743)
 [0.00339953,0.00351916)
 [0.0033708,0.00370024)
 [0.0033306,0.00378005)
 [0.003328,0.00405114)
 [0.00329842,0.00345263)
 [0.003291,0.00366617)
 [0.00324749,0.00380762)
 [0.00320566,0.00351595)
 [0.00319191,0.00332115)
 [0.00316866,0.00320791)
 [0.00315854,0.00332698)
 [0.00315551,0.00391616)
 [0.00312963,0.00327662)
 [0.00310756,0.00336901)
 [0.00309409,0.00314167)
 [0.00308555,0.003218)
 [0.00307734,0.00323971)
 [0.00307489,0.00327154)
 [0.00307213,0.00352609)
 [0.00305157,0.00343565)
 [0.00302219,0.00308612)
 [0.00297131,0.00300394)
 [0.00296696,0.00362827)
 [0.00295675,0.0034101)
 [0.00295178,0.00316159)
 [0.00290364,0.00296874)
 [0.00285403,0.00288187)
 [0.00284456,0.00307388)
 [0.00284405,0.00286192)
 [0.00284321,0.00321678)
 [0.00283163,0.00331748)
 [0.0028035,0.00283708)
 [0.00278071,0.00298127)
 [0.00275849,0.00301679)
 [0.00274303,0.00278465)
 [0.00272959,0.00305064)
 [0.00272045,0.00383616)
 [0.00271824,0.00283092)
 [0.00269963,0.00298703)
 [0.00269165,0.00275217)
 [0.00268523,0.00283619)
 [0.0026848,0.00378334)
 [0.00266798,0.00362406)
 [0.00265387,0.00284053)
 [0.00265105,0.00310152)
 [0.0026182,0.00273281)
 [0.00260259,0.00298889)
 [0.00259461,0.00291169)
 [0.00258206,0.00259541)
 [0.00257919,0.00269391)
 [0.00257458,0.00267247)
 [0.00252769,0.00254979)
 [0.00251868,0.00288802)
 [0.0025061,0.00256919)
 [0.00246073,0.00284606)
 [0.00245188,0.00268867)
 [0.00240759,0.00294243)
 [0.00239031,0.00259701)
 [0.00238909,0.00283546)
 [0.00238027,0.00288118)
 [0.00238005,0.00305045)
 [0.00237276,0.00249699)
 [0.00237236,0.00286172)
 [0.00235414,0.00252862)
 [0.00234456,0.00332649)
 [0.00232876,0.00256583)
 [0.00231114,0.00241163)
 [0.00230358,0.00233658)
 [0.00226629,0.00227389)
 [0.00226073,0.00244672)
 [0.00224783,0.002779)
 [0.00221334,0.00238157)
 [0.00220913,0.00263761)
 [0.00220075,0.00221954)
 [0.00220019,0.00258834)
 [0.00219977,0.00241483)
 [0.00218542,0.00259305)
 [0.00217869,0.00234301)
 [0.00217637,0.00250093)
 [0.00216728,0.00333252)
 [0.00215144,0.00220468)
 [0.00213642,0.0023709)
 [0.00212798,0.00250693)
 [0.00212572,0.00216346)
 [0.00211924,0.00233072)
 [0.00206632,0.00229867)
 [0.00205566,0.00219162)
 [0.00205383,0.00272627)
 [0.00205242,0.00206922)
 [0.00204439,0.00243002)
 [0.00202283,0.00262329)
 [0.00202251,0.00263518)
 [0.00200398,0.00228392)
 [0.00199763,0.00225469)
 [0.00199515,0.00235528)
 [0.00198707,0.0026248)
 [0.00196864,0.00210753)
 [0.00195159,0.00202857)
 [0.00194909,0.00216223)
 [0.00194767,0.00239345)
 [0.00192375,0.00200124)
 [0.00192182,0.00277676)
 [0.00191002,0.00191982)
 [0.00190724,0.00209088)
 [0.0019033,0.00250917)
 [0.00190322,0.00196695)
 [0.00189431,0.00198855)
 [0.00188418,0.00202981)
 [0.00187813,0.00224142)
 [0.00187202,0.0021978)
 [0.00187026,0.00188184)
 [0.00186968,0.00199414)
 [0.0018665,0.00209962)
 [0.00185883,0.002391)
 [0.00185306,0.00239521)
 [0.00185196,0.00193383)
 [0.00184534,0.00189811)
 [0.00183897,0.00202851)
 [0.00182276,0.00210681)
 [0.00181847,0.00201287)
 [0.00181165,0.00188126)
 [0.00180286,0.0018495)
 [0.00178662,0.00202252)
 [0.00178532,0.00197347)
 [0.00176167,0.00178061)
 [0.00175374,0.0018409)
 [0.00175365,0.001826)
 [0.00175137,0.00175336)
 [0.00174186,0.00181549)
 [0.00174091,0.00176387)
 [0.0017391,0.00188851)
 [0.00172788,0.00176335)
 [0.00171782,0.00194922)
 [0.00171153,0.00208619)
 [0.00171094,0.0017723)
 [0.00171074,0.0021405)
 [0.00170251,0.0018826)
 [0.00169377,0.00240544)
 [0.0016905,0.001739)
 [0.00168455,0.00203556)
 [0.00168273,0.00189796)
 [0.00168116,0.00210646)
 [0.00167308,0.00185025)
 [0.00167185,0.00171189)
 [0.00166728,0.00176553)
 [0.00166477,0.00186356)
 [0.00166323,0.00202857)
 [0.001661,0.00256738)
 [0.00165916,0.00211123)
 [0.00165845,0.0018495)
 [0.0016545,0.00186239)
 [0.00165418,0.00211634)
 [0.00165271,0.00189257)
 [0.00165256,0.00221664)
 [0.00164728,0.00168203)
 [0.00164434,0.00164508)
 [0.00164433,0.00171602)
 [0.00163853,0.00164305)
 [0.00163154,0.00185955)
 [0.0016302,0.00195007)
 [0.00162698,0.00205082)
 [0.001608,0.0018433)
 [0.00160262,0.0022609)
 [0.00160059,0.00161516)
 [0.00159991,0.001761)
 [0.00159955,0.00166388)
 [0.00158753,0.00161046)
 [0.00157816,0.00163484)
 [0.00157672,0.00211233)
 [0.00157177,0.00166259)
 [0.0015705,0.00158607)
 [0.00156913,0.00166714)
 [0.00156451,0.00207538)
 [0.00156399,0.00181265)
 [0.00156386,0.00171248)
 [0.00155097,0.00174279)
 [0.00154576,0.00160173)
 [0.00154435,0.00189257)
 [0.00153778,0.0019031)
 [0.00152599,0.00199776)
 [0.00152537,0.00165211)
 [0.0015179,0.00197128)
 [0.00151494,0.00174522)
 [0.00151396,0.00155126)
 [0.00151025,0.00215336)
 [0.00150995,0.00166804)
 [0.00150454,0.00174181)
 [0.00150325,0.00173707)
 [0.00150115,0.00169456)
 [0.00148563,0.00194625)
 [0.00148214,0.00176787)
 [0.0014817,0.0018883)
 [0.00148064,0.00148612)
 [0.00147358,0.00173652)
 [0.00147351,0.00207572)
 [0.00146878,0.0018294)
 [0.00146091,0.00230518)
 [0.00146009,0.0019713)
 [0.0014578,0.00147517)
 [0.0014547,0.00159926)
 [0.00145231,0.00148403)
 [0.0014487,0.00152048)
 [0.0014396,0.00201615)
 [0.00143206,0.0015414)
 [0.0014289,0.00174714)
 [0.00141179,0.00176658)
 [0.00140261,0.00167377)
 [0.00139534,0.00148865)
 [0.001381,0.00181999)
 [0.00137961,0.00144008)
 [0.00137589,0.00166534)
 [0.00137248,0.00194279)
 [0.00136994,0.00141158)
 [0.00136979,0.00164627)
 [0.00135815,0.00150976)
 [0.00135347,0.00151783)
 [0.00135345,0.00144342)
 [0.00134773,0.00161707)
 [0.00134343,0.0015976)
 [0.0013402,0.00170101)
 [0.00133912,0.00177901)
 [0.00133413,0.00134504)
 [0.00133029,0.00152946)
 [0.00132958,0.00138461)
 [0.00131823,0.001333)
 [0.00130612,0.00173944)
 [0.00130608,0.00203288)
 [0.00130373,0.0020443)
 [0.0012982,0.00166179)
 [0.00129764,0.00141587)
 [0.0012906,0.00151658)
 [0.00128852,0.00213692)
 [0.00128715,0.0018855)
 [0.00126857,0.00134061)
 [0.00125253,0.00143363)
 [0.00125107,0.00125601)
 [0.00124787,0.00168547)
 [0.00124766,0.00148978)
 [0.00123851,0.00132233)
 [0.00122302,0.00131944)
 [0.0012178,0.00131843)
 [0.00119387,0.00121873)
 [0.00118606,0.00121873)
 [0.00115163,0.00121619)
 [0.00114206,0.0013537)
 [0.00114023,0.00158254)
 [0.00109826,0.00110933)
 [0.00109431,0.00112976)
 [0.00106639,0.00128676)
 [0.00098765,0.00114373)
 [0.000946596,0.00132327)
 [0.000872968,0.00103608)
 [0.000729106,0.00084006)
 [0.000719195,0.000771658)
