persistence intervals in dim 1:
 [0.0237793,0.0265316)
 [0.0137241,0.0166973)
 [0.0126741,0.014118)
 [0.0122213,0.0123999)
 [0.0121564,0.0122311)
 [0.0114133,0.0121751)
 [0.00798914,0.00921874)
 [0.0079279,0.00808677)
 [0.00745332,0.00797473)
 [0.00637268,0.00749907)
 [0.00572004,0.00668518)
 [0.00569769,0.00580736)
 [0.00557828,0.00658994)
 [0.00554291,0.00604096)
 [0.00527879,0.00537016)
 [0.00506292,0.00666744)
 [0.00499668,0.00533131)
 [0.00488653,0.00489232)
 [0.00487506,0.00528506)
 [0.00485983,0.00518153)
 [0.00481157,0.00508958)
 [0.00463879,0.00469053)
 [0.00443333,0.00501813)
 [0.00441506,0.00519352)
 [0.00440361,0.00440851)
 [0.00423564,0.00477957)
 [0.00421083,0.00422712)
 [0.00413919,0.00437024)
 [0.004125,0.004226)
 [0.00410531,0.00427608)
 [0.00409172,0.00410725)
 [0.00400523,0.0045239)
 [0.00399767,0.00437489)
 [0.00397284,0.00617541)
 [0.00393723,0.00518153)
 [0.00392233,0.00419771)
 [0.00391103,0.00403143)
 [0.00383355,0.00468425)
 [0.00368044,0.00418123)
 [0.0036282,0.0036594)
 [0.00352555,0.00373064)
 [0.00344159,0.00366586)
 [0.00336737,0.00349808)
 [0.00329347,0.00366498)
 [0.00325618,0.00339457)
 [0.00322209,0.00337581)
 [0.00313412,0.00342646)
 [0.0029734,0.00361732)
 [0.00290503,0.00520779)
 [0.00288294,0.00293413)
 [0.00286783,0.00332439)
 [0.002827,0.00337392)
 [0.00271908,0.00345544)
 [0.00271896,0.00290215)
 [0.00268704,0.0040916)
 [0.00268229,0.00273897)
 [0.00267552,0.00273092)
 [0.00265162,0.00312722)
 [0.0025976,0.00322737)
 [0.00258521,0.00280857)
 [0.00258414,0.00291259)
 [0.00256868,0.00257836)
 [0.00254486,0.00263828)
 [0.00247567,0.00257836)
 [0.00245989,0.00248293)
 [0.002454,0.00263721)
 [0.00243822,0.00301254)
 [0.00243552,0.00252902)
 [0.00243053,0.00333747)
 [0.00238291,0.00281565)
 [0.00236017,0.00257979)
 [0.00232875,0.00256461)
 [0.00232773,0.00257216)
 [0.0023211,0.00264348)
 [0.00226702,0.00231451)
 [0.00226137,0.00243433)
 [0.00223877,0.00233829)
 [0.00223117,0.00228578)
 [0.00221692,0.00231016)
 [0.00220652,0.00223833)
 [0.00218386,0.00242362)
 [0.00217713,0.00235891)
 [0.00217318,0.00264177)
 [0.00216231,0.00230216)
 [0.00216033,0.00220725)
 [0.00215626,0.00226054)
 [0.00215213,0.00286989)
 [0.00214554,0.00221368)
 [0.00214359,0.00219829)
 [0.00214265,0.00218745)
 [0.00213304,0.00229337)
 [0.00212313,0.00245684)
 [0.00211937,0.00213739)
 [0.00210195,0.00260824)
 [0.00209943,0.00225252)
 [0.0020973,0.00217137)
 [0.00208788,0.00227666)
 [0.00208238,0.00253778)
 [0.00206131,0.00224781)
 [0.00205777,0.00217872)
 [0.00203556,0.00233316)
 [0.00203155,0.00210295)
 [0.002025,0.00229392)
 [0.00202459,0.00268903)
 [0.00202351,0.00214565)
 [0.00201779,0.00223624)
 [0.00201523,0.00210834)
 [0.00200793,0.00205634)
 [0.00200249,0.0029491)
 [0.00200219,0.00219847)
 [0.00199257,0.00202356)
 [0.00198074,0.00253201)
 [0.00197493,0.00250657)
 [0.00196884,0.00228777)
 [0.00196757,0.00205488)
 [0.00194784,0.00223859)
 [0.00194763,0.0027866)
 [0.0019414,0.00214896)
 [0.00193866,0.00197139)
 [0.0019271,0.00221236)
 [0.00192612,0.00221766)
 [0.00190943,0.00236462)
 [0.00190581,0.00201527)
 [0.00189944,0.0019392)
 [0.00188068,0.0019819)
 [0.00187131,0.00249702)
 [0.00186649,0.00193428)
 [0.00185719,0.00206037)
 [0.0018521,0.00231213)
 [0.00184836,0.00235361)
 [0.00179897,0.00204347)
 [0.00179278,0.00194477)
 [0.0017895,0.0018341)
 [0.00176288,0.00202979)
 [0.00176257,0.00188885)
 [0.00175677,0.00200887)
 [0.00174376,0.0020846)
 [0.00173359,0.00228628)
 [0.00173251,0.00177641)
 [0.00172502,0.00177747)
 [0.00171324,0.00188116)
 [0.00168625,0.0020547)
 [0.00168329,0.00174247)
 [0.00166861,0.00170727)
 [0.00166731,0.00173119)
 [0.00165377,0.00194585)
 [0.00164668,0.00178525)
 [0.00164411,0.00175449)
 [0.00162069,0.00179027)
 [0.00161392,0.00162747)
 [0.00159725,0.00174458)
 [0.0015909,0.00161668)
 [0.00159011,0.0016661)
 [0.00155685,0.00175265)
 [0.00155138,0.00164933)
 [0.00154695,0.00161148)
 [0.00153882,0.00174679)
 [0.00151759,0.00192104)
 [0.00150947,0.00162807)
 [0.00150147,0.00150946)
 [0.00149821,0.0015143)
 [0.00149007,0.00163353)
 [0.00148225,0.00159914)
 [0.00146176,0.00176799)
 [0.00145072,0.00163142)
 [0.00143496,0.00179006)
 [0.00143479,0.00175073)
 [0.00143458,0.00178528)
 [0.0014291,0.00175658)
 [0.00142787,0.00160385)
 [0.00136585,0.00162574)
 [0.00136021,0.00163097)
 [0.0013573,0.00155918)
 [0.00134705,0.00200555)
 [0.00133669,0.00141408)
 [0.00133039,0.00157359)
 [0.00132642,0.0014045)
 [0.00131037,0.00152428)
 [0.00129681,0.00131912)
 [0.00129102,0.00143752)
 [0.00128613,0.00169918)
 [0.00128608,0.00152803)
 [0.00128024,0.0013065)
 [0.00127076,0.00129247)
 [0.00125333,0.00125731)
 [0.00124479,0.00151893)
 [0.00122182,0.00124513)
 [0.00121604,0.00130202)
 [0.0011536,0.00127098)
 [0.00115326,0.00117521)
 [0.00114296,0.00138764)
 [0.00112233,0.00114076)
 [0.0011124,0.00122262)
 [0.00110882,0.00112928)
 [0.0011075,0.00138094)
 [0.00109934,0.00128021)
 [0.00108973,0.00120849)
 [0.0010871,0.00112006)
 [0.00108015,0.00118473)
 [0.00105892,0.00120145)
 [0.00105069,0.00107077)
 [0.00104234,0.0012948)
 [0.00103301,0.00129499)
 [0.000996921,0.0010216)
 [0.000983174,0.00104531)
 [0.000967494,0.000995041)
 [0.00091981,0.000925202)
 [0.00090482,0.00105812)
 [0.000867267,0.00116803)
 [0.000841896,0.000997202)
 [0.000836936,0.000851146)
 [0.000778212,0.000792794)
 [0.000699384,0.000708793)
 [0.000434283,0.000436816)
