persistence intervals in dim 1:
 [0.0137459,0.0151632)
 [0.00836773,0.00869789)
 [0.00765249,0.00783337)
 [0.00763324,0.00801055)
 [0.0074441,0.00955846)
 [0.00659254,0.00770057)
 [0.00593916,0.00905839)
 [0.00591082,0.00592472)
 [0.00576012,0.00577572)
 [0.00558121,0.0061452)
 [0.0055738,0.00580825)
 [0.00556317,0.00562744)
 [0.00555226,0.00586283)
 [0.00524105,0.00597313)
 [0.00520063,0.00520788)
 [0.00517298,0.00558258)
 [0.00499188,0.00507569)
 [0.00497724,0.00512633)
 [0.00494623,0.00591589)
 [0.00483137,0.00518544)
 [0.00475514,0.00519729)
 [0.0047017,0.00520266)
 [0.00451837,0.00525427)
 [0.0043234,0.00533056)
 [0.00426858,0.00454201)
 [0.00419853,0.00421417)
 [0.00419635,0.00424107)
 [0.00390082,0.00401472)
 [0.00374531,0.00378226)
 [0.00374031,0.00432612)
 [0.00374027,0.00443518)
 [0.00353052,0.00390065)
 [0.0035232,0.00413567)
 [0.00349617,0.00385597)
 [0.00346142,0.00348887)
 [0.00341331,0.00346703)
 [0.00338881,0.00344699)
 [0.00338634,0.0036074)
 [0.00329707,0.00341989)
 [0.00327408,0.00347168)
 [0.00326258,0.00375745)
 [0.00318364,0.0033037)
 [0.00315069,0.00359342)
 [0.00312595,0.00375266)
 [0.00312183,0.00319113)
 [0.00312178,0.00342928)
 [0.00308753,0.00343393)
 [0.00303521,0.0038217)
 [0.00302705,0.00313277)
 [0.00302398,0.00327668)
 [0.0030202,0.0030462)
 [0.00300241,0.00322997)
 [0.00293955,0.00313279)
 [0.00292146,0.0037572)
 [0.00289439,0.00383001)
 [0.00285926,0.00322311)
 [0.00281177,0.00313279)
 [0.0028089,0.00286607)
 [0.00279285,0.00314417)
 [0.00277621,0.00279576)
 [0.00275825,0.00333609)
 [0.00275367,0.00303286)
 [0.00274216,0.00274493)
 [0.00270223,0.0028281)
 [0.00269562,0.00304149)
 [0.00269555,0.0027755)
 [0.00269175,0.0028647)
 [0.00268561,0.00309796)
 [0.00266745,0.00292136)
 [0.00265087,0.00284148)
 [0.00264367,0.00285578)
 [0.00258332,0.00261284)
 [0.00257382,0.00337898)
 [0.00256158,0.00266505)
 [0.00253151,0.00254475)
 [0.00245169,0.00317554)
 [0.00243112,0.0024725)
 [0.00242524,0.0027191)
 [0.00240877,0.00250891)
 [0.00235026,0.0031436)
 [0.00234136,0.00246835)
 [0.00230069,0.00238619)
 [0.00229371,0.0024424)
 [0.00228867,0.00230229)
 [0.00228695,0.00235979)
 [0.00227898,0.00267158)
 [0.00222812,0.00236192)
 [0.00221134,0.00251723)
 [0.00218844,0.00223458)
 [0.0021388,0.00214826)
 [0.00213034,0.00223955)
 [0.00211816,0.00215414)
 [0.00211763,0.00227416)
 [0.00210936,0.00235783)
 [0.0020863,0.00209595)
 [0.0020763,0.00233813)
 [0.00207465,0.0021703)
 [0.0020627,0.00234808)
 [0.00206136,0.00210077)
 [0.00205842,0.00222624)
 [0.00204222,0.00264252)
 [0.00203701,0.00219924)
 [0.00201478,0.00226313)
 [0.0020146,0.00225499)
 [0.00201208,0.00201907)
 [0.00198834,0.00213582)
 [0.00195778,0.00205718)
 [0.0019274,0.00209213)
 [0.00190404,0.00201604)
 [0.00187727,0.00191411)
 [0.00187403,0.00192804)
 [0.00184427,0.00188862)
 [0.00183608,0.00226184)
 [0.00181049,0.00201259)
 [0.00178078,0.0021119)
 [0.00177946,0.00227851)
 [0.00177204,0.00182318)
 [0.00175174,0.00176605)
 [0.00173749,0.00183489)
 [0.00173237,0.00188093)
 [0.00173053,0.001764)
 [0.00172605,0.0018489)
 [0.00170569,0.00179403)
 [0.00168086,0.00177578)
 [0.00166709,0.00177468)
 [0.0016652,0.00175689)
 [0.00159275,0.00185378)
 [0.00158774,0.00202547)
 [0.00158224,0.00161513)
 [0.00158117,0.00162041)
 [0.00156843,0.00197753)
 [0.00156581,0.00156687)
 [0.00153031,0.00210487)
 [0.00152988,0.00153021)
 [0.00152517,0.00185445)
 [0.00151762,0.00161948)
 [0.00149027,0.00158394)
 [0.00146072,0.00154647)
 [0.00146016,0.00196349)
 [0.00144787,0.0014542)
 [0.00141952,0.00156457)
 [0.00141705,0.00163173)
 [0.00141588,0.00152539)
 [0.00141211,0.00155396)
 [0.00140651,0.00142429)
 [0.00140299,0.00145413)
 [0.00139571,0.0016558)
 [0.0013948,0.0017487)
 [0.00136903,0.00180678)
 [0.00135986,0.00139559)
 [0.00135888,0.00140029)
 [0.00133094,0.00148856)
 [0.00128086,0.00156333)
 [0.00127913,0.00140781)
 [0.00126376,0.00162886)
 [0.00121413,0.00141162)
 [0.00119628,0.0014174)
 [0.00117187,0.0012294)
 [0.00111035,0.00112802)
 [0.00108807,0.0014341)
 [0.00103006,0.00116822)
 [0.00102741,0.0011596)
 [0.000997721,0.00135723)
 [0.000990201,0.00100163)
 [0.00095148,0.00109071)
 [0.000878241,0.000925356)
 [0.000722605,0.000813315)
