persistence intervals in dim 1:
 [0.00563758,0.00578924)
 [0.0032392,0.00328432)
 [0.00257231,0.00263857)
 [0.00257154,0.00275301)
 [0.00251398,0.00267947)
 [0.00247654,0.00247697)
 [0.00220747,0.00226589)
 [0.0019878,0.00262482)
 [0.00197194,0.00198975)
 [0.00189069,0.00190639)
 [0.00180078,0.00184648)
 [0.00176077,0.00222164)
 [0.00163683,0.00182262)
 [0.00146488,0.00172505)
 [0.00142795,0.0015966)
 [0.00142624,0.00188428)
 [0.00142557,0.00145422)
 [0.00138607,0.00152921)
 [0.00138133,0.00146373)
 [0.00131703,0.00150013)
 [0.00124061,0.00130425)
 [0.00123425,0.00140855)
 [0.00123366,0.00158636)
 [0.00120626,0.00172995)
 [0.00120402,0.00140643)
 [0.00120366,0.00121847)
 [0.00118644,0.00131875)
 [0.0011707,0.00119879)
 [0.00117048,0.00126276)
 [0.00116119,0.00118375)
 [0.00113896,0.00126525)
 [0.00113551,0.00132658)
 [0.00113331,0.00130238)
 [0.00111166,0.00118556)
 [0.00109728,0.00119711)
 [0.00109278,0.00146729)
 [0.0010709,0.00107796)
 [0.00105547,0.00116026)
 [0.00105279,0.00107688)
 [0.00104154,0.00107389)
 [0.00103476,0.00110015)
 [0.00103387,0.00123113)
 [0.00101595,0.00141825)
 [0.00100764,0.00100972)
 [0.00100081,0.00115051)
 [0.000999212,0.00114362)
 [0.000993157,0.00124296)
 [0.000980403,0.00114984)
 [0.000975156,0.00103112)
 [0.000967988,0.0010256)
 [0.00095096,0.00105236)
 [0.000926132,0.00104861)
 [0.000924322,0.000944925)
 [0.000922507,0.00100483)
 [0.000918643,0.00116357)
 [0.000916892,0.00107905)
 [0.000915013,0.00100987)
 [0.00090701,0.00100598)
 [0.000899821,0.00103594)
 [0.000885103,0.000902054)
 [0.000883459,0.000905411)
 [0.000867992,0.000908594)
 [0.000859009,0.000891623)
 [0.000849854,0.000948139)
 [0.000845386,0.000871817)
 [0.000843089,0.000883465)
 [0.000834718,0.000901919)
 [0.000823913,0.000929436)
 [0.000823574,0.00091733)
 [0.000822285,0.000843127)
 [0.000819874,0.000822378)
 [0.000819239,0.000825287)
 [0.000814558,0.000915657)
 [0.000805894,0.00108289)
 [0.00080284,0.000849847)
 [0.000802702,0.000851716)
 [0.000796091,0.00111969)
 [0.000791309,0.000940737)
 [0.000783159,0.000789132)
 [0.000777473,0.000853864)
 [0.000772393,0.000986331)
 [0.000771595,0.000814033)
 [0.000769545,0.000888471)
 [0.000769511,0.000820974)
 [0.000769339,0.00110976)
 [0.000766734,0.000780574)
 [0.000765851,0.000804189)
 [0.000763483,0.000865039)
 [0.000752742,0.000817921)
 [0.000744076,0.000776574)
 [0.00074284,0.000967837)
 [0.000738203,0.000759449)
 [0.000727697,0.000810328)
 [0.000720646,0.000774343)
 [0.000714158,0.00117592)
 [0.000713425,0.000818247)
 [0.000708171,0.000732591)
 [0.000702037,0.000713118)
 [0.000698621,0.000785321)
 [0.000690473,0.000750951)
 [0.000681047,0.000868497)
 [0.000679595,0.00074858)
 [0.000674691,0.000690074)
 [0.000668543,0.000686586)
 [0.000668502,0.000785872)
 [0.000665246,0.000696798)
 [0.000664821,0.000674364)
 [0.000663209,0.000730059)
 [0.000662457,0.000672813)
 [0.000662069,0.00066484)
 [0.000660022,0.000830939)
 [0.000650656,0.000748725)
 [0.000642816,0.000726309)
 [0.000642584,0.000746233)
 [0.000638848,0.000761562)
 [0.000637352,0.000719319)
 [0.000625021,0.000663869)
 [0.000624161,0.000866075)
 [0.000623108,0.000750442)
 [0.000622453,0.000628281)
 [0.000617007,0.000816714)
 [0.000616796,0.000936589)
 [0.000615037,0.000724815)
 [0.000613565,0.000742617)
 [0.000612576,0.000640984)
 [0.000607185,0.0006144)
 [0.000604601,0.000616368)
 [0.000598872,0.000933533)
 [0.000595892,0.000652706)
 [0.00059512,0.000769597)
 [0.00059346,0.000725268)
 [0.00059149,0.00068092)
 [0.00059123,0.000656901)
 [0.000587135,0.000691865)
 [0.000581672,0.000673492)
 [0.000579718,0.000650163)
 [0.000579234,0.000697555)
 [0.000577805,0.000649791)
 [0.000577106,0.00060478)
 [0.000570693,0.000583967)
 [0.000566654,0.000600181)
 [0.000563718,0.000683455)
 [0.00056346,0.000660147)
 [0.000558185,0.000651863)
 [0.000557651,0.000580128)
 [0.000556214,0.000575926)
 [0.000551232,0.000612607)
 [0.000549432,0.000747973)
 [0.000544219,0.000549067)
 [0.000542616,0.000688617)
 [0.000539081,0.000590354)
 [0.00053672,0.00059403)
 [0.000534706,0.000559781)
 [0.000531885,0.000542559)
 [0.00052726,0.000817827)
 [0.000526237,0.000595118)
 [0.000522707,0.000553878)
 [0.00052099,0.000533613)
 [0.000520393,0.000568565)
 [0.000515166,0.00060611)
 [0.00051091,0.000561473)
 [0.000508238,0.000512733)
 [0.000506126,0.000540572)
 [0.000503549,0.000505238)
 [0.000498762,0.000578785)
 [0.000498126,0.000597182)
 [0.000495543,0.000574104)
 [0.000493164,0.000643511)
 [0.000491913,0.000523482)
 [0.000487008,0.000585122)
 [0.000486853,0.000610584)
 [0.000484433,0.000513839)
 [0.000474515,0.000560709)
 [0.000465557,0.000706593)
 [0.00046306,0.000478467)
 [0.000459012,0.000487797)
 [0.00045215,0.000487766)
 [0.00045045,0.000463767)
 [0.000450384,0.000534435)
 [0.000449233,0.000479998)
 [0.000443787,0.000483146)
 [0.000441744,0.000473175)
 [0.00044012,0.000541854)
 [0.000439141,0.000521714)
 [0.000427171,0.00045791)
 [0.000406462,0.000459058)
 [0.000397017,0.000409334)
 [0.000383744,0.000421501)
 [0.000380942,0.000394838)
 [0.000379122,0.000400208)
 [0.000328204,0.000417622)
 [0.000323187,0.000350713)
 [0.000320514,0.000341235)
 [0.000318537,0.000329074)
 [0.000312189,0.000369567)
 [0.0003094,0.000359185)
 [0.000297221,0.000320467)
 [0.000294363,0.000297743)
 [0.000245054,0.000246499)
