persistence intervals in dim 1:
 [0.00917799,0.00926995)
 [0.0091597,0.00937665)
 [0.00503626,0.00524243)
 [0.00478208,0.00526137)
 [0.00467478,0.00471049)
 [0.00446782,0.00464951)
 [0.00434446,0.00447173)
 [0.0042864,0.0044639)
 [0.00421735,0.00430776)
 [0.00420132,0.00420156)
 [0.00414247,0.00562058)
 [0.00408542,0.0044706)
 [0.00406067,0.00426112)
 [0.00376644,0.0039655)
 [0.00374341,0.00388305)
 [0.00369881,0.00392208)
 [0.00353893,0.00487745)
 [0.00349623,0.0043334)
 [0.00345928,0.00383765)
 [0.00344883,0.003454)
 [0.00344641,0.00365032)
 [0.00342561,0.00403212)
 [0.00341038,0.00443736)
 [0.00332012,0.00370207)
 [0.00329204,0.00380826)
 [0.00323871,0.00330019)
 [0.00323567,0.00342314)
 [0.00321126,0.00322932)
 [0.00318954,0.00323734)
 [0.0031715,0.00335548)
 [0.00313507,0.00315361)
 [0.00310015,0.00339201)
 [0.00304116,0.00330595)
 [0.00303516,0.00420366)
 [0.002934,0.00307302)
 [0.00290943,0.00305969)
 [0.00290458,0.00339898)
 [0.00286584,0.00423517)
 [0.00284954,0.00353936)
 [0.00275207,0.00379527)
 [0.00270829,0.00296979)
 [0.00270781,0.00374865)
 [0.00265964,0.00273683)
 [0.00260726,0.00305851)
 [0.00259171,0.00286493)
 [0.00258746,0.00265583)
 [0.00254448,0.00254955)
 [0.00254033,0.00310338)
 [0.00253593,0.002755)
 [0.00252241,0.00267765)
 [0.00251168,0.00264662)
 [0.00248715,0.00267655)
 [0.00246915,0.00278917)
 [0.00245535,0.00250397)
 [0.00243722,0.00286668)
 [0.0024346,0.00251517)
 [0.00243365,0.00247613)
 [0.00242329,0.00246855)
 [0.00239485,0.00329279)
 [0.00238738,0.00246706)
 [0.00238085,0.00273762)
 [0.00237327,0.00297291)
 [0.00237099,0.00243257)
 [0.00236071,0.00257503)
 [0.0023605,0.00273588)
 [0.00234942,0.00247262)
 [0.0023336,0.00254885)
 [0.00231807,0.00237964)
 [0.00230657,0.00236738)
 [0.00228639,0.0025155)
 [0.0022706,0.00248899)
 [0.00225794,0.0022663)
 [0.00225159,0.00243392)
 [0.0022421,0.00240344)
 [0.0022144,0.00241491)
 [0.00220564,0.00245501)
 [0.00214415,0.00275116)
 [0.00213858,0.00220417)
 [0.00212359,0.00232204)
 [0.00210772,0.0021893)
 [0.00209221,0.00223676)
 [0.00208057,0.0020843)
 [0.00207745,0.00258934)
 [0.00206921,0.00259284)
 [0.00206496,0.00231287)
 [0.00204327,0.00253376)
 [0.00200592,0.00204583)
 [0.00198467,0.00221287)
 [0.00196387,0.00257563)
 [0.00193718,0.0029707)
 [0.0019203,0.00273729)
 [0.00191904,0.00285178)
 [0.00191546,0.00248985)
 [0.00191268,0.00192829)
 [0.00190689,0.0021818)
 [0.00189816,0.0023439)
 [0.00188056,0.00203194)
 [0.00185876,0.00290406)
 [0.00185801,0.0020283)
 [0.00183345,0.00185385)
 [0.00183279,0.00206634)
 [0.00183147,0.00225958)
 [0.00181879,0.00210927)
 [0.0018149,0.00220284)
 [0.0018109,0.00206339)
 [0.00180887,0.00183452)
 [0.00179923,0.00187124)
 [0.00179719,0.00214346)
 [0.00178388,0.00187533)
 [0.00178196,0.00251345)
 [0.00177543,0.00187989)
 [0.00175787,0.00187377)
 [0.00174684,0.0017684)
 [0.0017461,0.00178927)
 [0.00173824,0.00196976)
 [0.00172521,0.00185455)
 [0.00169616,0.00242165)
 [0.00169271,0.00192504)
 [0.00169201,0.00178863)
 [0.00167952,0.00190896)
 [0.00166018,0.0019709)
 [0.00165504,0.001823)
 [0.00165358,0.00168033)
 [0.00165041,0.00174641)
 [0.00161389,0.00162499)
 [0.00160236,0.00171136)
 [0.00159922,0.00166314)
 [0.00158332,0.00184677)
 [0.00157491,0.00166842)
 [0.00153758,0.00160304)
 [0.00152524,0.00154222)
 [0.00150027,0.00151155)
 [0.00148712,0.00163285)
 [0.0014717,0.00152004)
 [0.00145747,0.00182086)
 [0.00144884,0.00152227)
 [0.00144809,0.00167865)
 [0.00144662,0.00148659)
 [0.00144378,0.00170325)
 [0.00143601,0.00154413)
 [0.00140847,0.00169865)
 [0.00140732,0.00168865)
 [0.00138497,0.00165108)
 [0.00137104,0.00141987)
 [0.001367,0.00194784)
 [0.00134884,0.00169707)
 [0.00133537,0.00162162)
 [0.00130498,0.00172737)
 [0.00130344,0.00141639)
 [0.00130015,0.00147901)
 [0.00129058,0.0014126)
 [0.00126978,0.00130471)
 [0.00126573,0.00132332)
 [0.0012654,0.00155432)
 [0.00126344,0.00133357)
 [0.00125198,0.00170062)
 [0.00125044,0.00126345)
 [0.00123384,0.00127456)
 [0.00122832,0.00127835)
 [0.00122008,0.00123476)
 [0.00121475,0.00134814)
 [0.00120768,0.0012339)
 [0.00118948,0.00120732)
 [0.00113892,0.00119974)
 [0.00110563,0.00124889)
 [0.00109161,0.00148339)
 [0.001069,0.00108365)
 [0.00102993,0.00118129)
 [0.00102831,0.00104712)
 [0.001006,0.00105004)
 [0.000957731,0.000982762)
 [0.000928163,0.000934741)
 [0.000915096,0.00108205)
 [0.000914853,0.000949413)
 [0.000871209,0.000945618)
 [0.000826896,0.000860297)
 [0.000805624,0.000954212)
 [0.000719518,0.000765116)
 [0.000706698,0.000764047)
 [0.00070524,0.000839471)
 [0.000666904,0.000678513)
 [0.000657152,0.000726396)
 [0.000409102,0.000430491)
 [0.0003517,0.00039451)
