persistence intervals in dim 1:
 [0.010476,0.0105148)
 [0.00795489,0.00968245)
 [0.00752967,0.00851701)
 [0.00601804,0.00620077)
 [0.00590875,0.00633989)
 [0.00586378,0.00750418)
 [0.00529449,0.00567133)
 [0.00519033,0.00626993)
 [0.00462402,0.00465925)
 [0.00424446,0.00489337)
 [0.00419043,0.0049335)
 [0.00412634,0.00509558)
 [0.00410064,0.00433336)
 [0.00404491,0.00406825)
 [0.0039305,0.00463223)
 [0.00392318,0.00435766)
 [0.00373885,0.00410541)
 [0.00365973,0.00383519)
 [0.00360479,0.00453608)
 [0.00357195,0.00377014)
 [0.00354675,0.0038348)
 [0.00351476,0.00360924)
 [0.00351459,0.00399851)
 [0.00345694,0.00380307)
 [0.00341063,0.00347732)
 [0.00330903,0.00437906)
 [0.00330774,0.00338113)
 [0.00325965,0.00338847)
 [0.00325432,0.00328186)
 [0.00324155,0.00333676)
 [0.00317636,0.00339216)
 [0.00309027,0.00313831)
 [0.00308431,0.00360606)
 [0.00305089,0.0033459)
 [0.00300965,0.00320506)
 [0.00298868,0.00302679)
 [0.00280225,0.00290492)
 [0.00279406,0.00284228)
 [0.00276412,0.00298884)
 [0.00276218,0.00311795)
 [0.0027298,0.00305318)
 [0.00270992,0.00272363)
 [0.00270717,0.00273089)
 [0.00267713,0.00267884)
 [0.00267346,0.00321753)
 [0.00259472,0.00263059)
 [0.00253815,0.00260375)
 [0.00253398,0.00290492)
 [0.0025193,0.00306495)
 [0.00248953,0.00291944)
 [0.00245228,0.00252405)
 [0.0024271,0.00242763)
 [0.00241544,0.00245805)
 [0.00239681,0.00290975)
 [0.00239183,0.00257896)
 [0.00238121,0.00260175)
 [0.00231876,0.00235018)
 [0.00230153,0.0023259)
 [0.00224414,0.00240947)
 [0.00222875,0.00257796)
 [0.00221936,0.00281222)
 [0.00221914,0.00279764)
 [0.00221862,0.00230188)
 [0.00221857,0.00254302)
 [0.00221597,0.00241288)
 [0.00218321,0.00224821)
 [0.00217185,0.00282535)
 [0.00215031,0.00217973)
 [0.00210575,0.00245411)
 [0.00210226,0.00228389)
 [0.00209923,0.0022587)
 [0.00209468,0.0022314)
 [0.00206242,0.00229073)
 [0.0020619,0.00213851)
 [0.00204236,0.00208853)
 [0.00200539,0.00216092)
 [0.0019999,0.00219219)
 [0.00199044,0.0024196)
 [0.00198611,0.00220361)
 [0.0019852,0.00213051)
 [0.00196763,0.00222349)
 [0.00195533,0.00237496)
 [0.00190683,0.00207323)
 [0.00189981,0.00207048)
 [0.00188184,0.0020133)
 [0.00188061,0.00201607)
 [0.00186927,0.00215922)
 [0.00185352,0.00206176)
 [0.0018316,0.00188236)
 [0.00181543,0.00185016)
 [0.00180029,0.00208853)
 [0.00178932,0.00179239)
 [0.001787,0.00204137)
 [0.00175916,0.00280855)
 [0.00175543,0.00176172)
 [0.00174207,0.00188966)
 [0.0017411,0.00189687)
 [0.00173835,0.00184232)
 [0.00172801,0.00223681)
 [0.00172672,0.00172698)
 [0.00172467,0.0019589)
 [0.00172068,0.00186717)
 [0.0017196,0.00183631)
 [0.00171692,0.00199342)
 [0.00169572,0.00217539)
 [0.00169057,0.0017763)
 [0.00167208,0.00204236)
 [0.00162384,0.00163432)
 [0.00161622,0.00178552)
 [0.00159857,0.0020182)
 [0.00159328,0.00177645)
 [0.00159054,0.0016552)
 [0.00157916,0.00176056)
 [0.00157248,0.00158697)
 [0.00157155,0.00216547)
 [0.00155827,0.00176021)
 [0.00154949,0.00215459)
 [0.00153388,0.00195964)
 [0.00153388,0.00168707)
 [0.00151989,0.00182486)
 [0.00151549,0.00178711)
 [0.00151412,0.00151526)
 [0.00150756,0.00178302)
 [0.00150485,0.00165623)
 [0.00150262,0.00155398)
 [0.0014993,0.00152299)
 [0.0014926,0.00151903)
 [0.00149081,0.00158229)
 [0.00148995,0.00164591)
 [0.00148153,0.00151141)
 [0.00148019,0.00181053)
 [0.00147905,0.00150263)
 [0.00145482,0.00150188)
 [0.00145179,0.00204512)
 [0.00144942,0.00146917)
 [0.00142416,0.00143878)
 [0.00141236,0.00162865)
 [0.00140389,0.00174452)
 [0.00139906,0.00150081)
 [0.00139631,0.0017377)
 [0.00138494,0.00153113)
 [0.00137029,0.00178643)
 [0.00135185,0.00145603)
 [0.00134631,0.00136742)
 [0.00134447,0.00144438)
 [0.0013299,0.00157219)
 [0.00132682,0.00137988)
 [0.00129461,0.00135354)
 [0.00126437,0.00133435)
 [0.00124137,0.00125303)
 [0.00122809,0.00128967)
 [0.00122789,0.00144119)
 [0.0012272,0.0015068)
 [0.001224,0.00151009)
 [0.00118563,0.00122899)
 [0.00118295,0.00141658)
 [0.00117941,0.00121543)
 [0.00116558,0.0013825)
 [0.00116512,0.00121543)
 [0.00115792,0.00135853)
 [0.00114504,0.00157742)
 [0.00112932,0.00130629)
 [0.00111855,0.00131642)
 [0.00109438,0.00118141)
 [0.00106257,0.00112634)
 [0.00105094,0.00126559)
 [0.00103724,0.0011739)
 [0.0010337,0.00109366)
 [0.00102566,0.00105392)
 [0.00101556,0.00117438)
 [0.00100489,0.00107629)
 [0.00100319,0.00105175)
 [0.00098983,0.00126829)
 [0.000977553,0.00100944)
 [0.000864667,0.00112474)
 [0.000843535,0.000932162)
 [0.000744346,0.000778886)
 [0.000684751,0.000824649)
