persistence intervals in dim 1:
 [0.0265929,0.0266884)
 [0.0248852,0.0282274)
 [0.0229045,0.0269822)
 [0.0172111,0.0185414)
 [0.0127165,0.0141771)
 [0.0126784,0.0133614)
 [0.0124485,0.0149022)
 [0.0122058,0.0142015)
 [0.0118498,0.0130107)
 [0.0116268,0.0120231)
 [0.0116201,0.0122823)
 [0.0113256,0.0118171)
 [0.0112641,0.0112827)
 [0.00996235,0.0111244)
 [0.00955136,0.00964516)
 [0.00904052,0.0095727)
 [0.00830535,0.0083365)
 [0.00806502,0.00923153)
 [0.00792186,0.00989371)
 [0.00788148,0.00865968)
 [0.00766703,0.00769561)
 [0.00754802,0.00831822)
 [0.00733068,0.00744226)
 [0.00712872,0.0081848)
 [0.00681474,0.00717206)
 [0.00677414,0.00686189)
 [0.00670536,0.00735196)
 [0.00669363,0.00708725)
 [0.00656588,0.00728931)
 [0.00648808,0.00807981)
 [0.0064322,0.00651532)
 [0.00605078,0.0067874)
 [0.00598735,0.00620958)
 [0.00587788,0.00663887)
 [0.0058216,0.0062547)
 [0.00547194,0.00610001)
 [0.00521154,0.00649923)
 [0.00499991,0.00650011)
 [0.00496883,0.00507026)
 [0.00481247,0.00529366)
 [0.00440264,0.00558318)
 [0.00432746,0.00435775)
 [0.00423176,0.00456095)
 [0.00420168,0.00521778)
 [0.00417361,0.00495049)
 [0.00412856,0.00443153)
 [0.00407696,0.00424675)
 [0.00407659,0.00422549)
 [0.00383977,0.00489567)
 [0.00382797,0.00462114)
 [0.00379902,0.00445268)
 [0.00378157,0.00378288)
 [0.00368419,0.00401758)
 [0.00363826,0.00449137)
 [0.0036319,0.00375586)
 [0.00361044,0.00382408)
 [0.00354895,0.00387929)
 [0.00347057,0.00444834)
 [0.00334676,0.00408184)
 [0.00322169,0.0032361)
 [0.00320261,0.00324585)
 [0.00319261,0.00347812)
 [0.00312003,0.00377384)
 [0.00307047,0.00326734)
 [0.00304032,0.0030532)
 [0.00292797,0.00344767)
 [0.00284035,0.00422646)
 [0.00283869,0.00301741)
 [0.00269851,0.00305795)
 [0.00267865,0.00282917)
 [0.00264247,0.00273321)
 [0.002575,0.00303558)
 [0.0025662,0.00267434)
 [0.00256472,0.00271418)
 [0.00254116,0.00259574)
 [0.00253781,0.00294916)
 [0.00253233,0.0025668)
 [0.00251793,0.00326315)
 [0.00250682,0.00250883)
 [0.00249849,0.00299405)
 [0.00246608,0.00282924)
 [0.00242817,0.00258219)
 [0.00237482,0.00293461)
 [0.00236063,0.00246627)
 [0.00232294,0.00285581)
 [0.00226367,0.00245688)
 [0.00225088,0.00272859)
 [0.00223947,0.00229953)
 [0.0022336,0.00287356)
 [0.00221313,0.00266972)
 [0.00219761,0.00237557)
 [0.0021629,0.00230857)
 [0.00211993,0.00232292)
 [0.00209748,0.00221153)
 [0.00204392,0.00215408)
 [0.00204187,0.00215524)
 [0.0019904,0.00199496)
 [0.00197124,0.00204355)
 [0.00196508,0.00214245)
 [0.00194109,0.00229163)
 [0.00192119,0.00233507)
 [0.00189159,0.00248831)
 [0.00187463,0.00187825)
 [0.00186749,0.00187127)
 [0.00184706,0.00189272)
 [0.00182336,0.00188373)
 [0.00182047,0.00203594)
 [0.00181742,0.00205782)
 [0.00177072,0.00217908)
 [0.00175491,0.00183136)
 [0.00175384,0.00191928)
 [0.00169937,0.0021261)
 [0.00169093,0.0017059)
 [0.00167061,0.00216006)
 [0.00166953,0.00197946)
 [0.00166433,0.00172885)
 [0.00163935,0.00236111)
 [0.00152131,0.00175762)
 [0.00150907,0.00173096)
 [0.00149608,0.00171746)
 [0.00147073,0.00156615)
 [0.00147027,0.00169635)
 [0.00141945,0.00158825)
 [0.00141545,0.00142355)
 [0.00138128,0.00186048)
 [0.00137836,0.0014269)
 [0.00132506,0.00135388)
 [0.00130376,0.00148016)
 [0.00130034,0.00136767)
 [0.00124906,0.00149308)
 [0.0012457,0.00129259)
 [0.00123742,0.001282)
 [0.00123238,0.00130868)
 [0.00117047,0.00166557)
 [0.00116281,0.00123079)
 [0.00114736,0.00129137)
 [0.00109911,0.00115203)
 [0.00105041,0.00117728)
 [0.00100447,0.00101123)
 [0.000954974,0.00107927)
