persistence intervals in dim 1:
 [0.0149983,0.015122)
 [0.0105863,0.0107377)
 [0.009728,0.0098049)
 [0.00476277,0.00484749)
 [0.00475995,0.00487269)
 [0.00464388,0.00516885)
 [0.00463567,0.00465873)
 [0.00435139,0.00443391)
 [0.00424652,0.00471031)
 [0.00414285,0.0041677)
 [0.00405618,0.00509816)
 [0.00375275,0.00378717)
 [0.00366176,0.00378634)
 [0.00361792,0.00479566)
 [0.00331292,0.00402658)
 [0.0032037,0.00365255)
 [0.00320043,0.00334375)
 [0.00308886,0.00320862)
 [0.00290189,0.00290899)
 [0.00287821,0.00301978)
 [0.00281062,0.00284717)
 [0.00273599,0.00304885)
 [0.00269479,0.00270682)
 [0.00266799,0.00292388)
 [0.00266208,0.00319493)
 [0.0026229,0.00299763)
 [0.00260645,0.00263965)
 [0.00258378,0.00258886)
 [0.00257836,0.00282183)
 [0.00257328,0.00288149)
 [0.00254012,0.00262215)
 [0.00253742,0.00267449)
 [0.00251242,0.0026365)
 [0.00247157,0.00257097)
 [0.0023388,0.00258569)
 [0.0023373,0.00241511)
 [0.00229703,0.00241519)
 [0.00229374,0.00309656)
 [0.00227319,0.00229643)
 [0.00226269,0.00229698)
 [0.00221525,0.00240153)
 [0.00218622,0.00229724)
 [0.0021765,0.00223913)
 [0.0021746,0.00255888)
 [0.00213828,0.00226491)
 [0.00212926,0.00230668)
 [0.0020853,0.00247144)
 [0.00206142,0.00212183)
 [0.00201619,0.00228976)
 [0.00193105,0.00200181)
 [0.00184595,0.00188607)
 [0.00181457,0.00188899)
 [0.00181314,0.00219611)
 [0.00180118,0.00219363)
 [0.001771,0.00190514)
 [0.00173289,0.00235731)
 [0.00171888,0.00186781)
 [0.00171432,0.00173541)
 [0.00170919,0.00205704)
 [0.0016788,0.00169289)
 [0.00162129,0.00193725)
 [0.0016005,0.00169553)
 [0.00159965,0.00161301)
 [0.00156886,0.00233342)
 [0.00155203,0.00170506)
 [0.00152924,0.0015822)
 [0.00152209,0.00158712)
 [0.00149536,0.00162487)
 [0.00146961,0.00160127)
 [0.00144672,0.00149743)
 [0.00143459,0.00146145)
 [0.00143299,0.00159979)
 [0.00141809,0.00150177)
 [0.00140008,0.00164453)
 [0.00137731,0.00142694)
 [0.00134854,0.00155651)
 [0.00128916,0.00147383)
 [0.00124238,0.00160597)
 [0.00121622,0.00135801)
 [0.00120617,0.00127673)
 [0.0012012,0.00147523)
 [0.00114553,0.00141927)
 [0.00110953,0.00123397)
 [0.00107177,0.00109589)
 [0.00105944,0.00106052)
 [0.00105298,0.00111012)
 [0.00105245,0.00119237)
 [0.00104262,0.00113102)
 [0.00100587,0.00118226)
 [0.00100125,0.0010234)
 [0.000945077,0.00103007)
 [0.000883776,0.000924817)
 [0.000858444,0.000860212)
 [0.00085765,0.000881454)
 [0.000832441,0.00111674)
 [0.000816322,0.000846498)
 [0.000813182,0.000843845)
 [0.000806043,0.000931657)
 [0.000780498,0.000831897)
 [0.00077752,0.000836564)
 [0.000717261,0.000747802)
 [0.000710732,0.00078781)
 [0.000700306,0.000818088)
 [0.000697027,0.000738015)
 [0.000692713,0.000716369)
 [0.000625875,0.000646435)
 [0.000617014,0.000633572)
 [0.000591866,0.000662025)
 [0.000541974,0.000612697)
 [0.000520812,0.000543417)
 [0.000514233,0.000625071)
 [0.000502441,0.000532447)
 [0.000480146,0.000504217)
 [0.000424366,0.00050487)
 [0.000345016,0.000360338)
 [0.000266699,0.000294324)
 [0.000215341,0.000223138)
