persistence intervals in dim 1:
 [0.021383,0.021403)
 [0.0196341,0.0205496)
 [0.0163754,0.0168951)
 [0.0148237,0.0150767)
 [0.0146639,0.0172564)
 [0.0131499,0.0161636)
 [0.0128715,0.0133506)
 [0.0126601,0.01307)
 [0.0122465,0.0131351)
 [0.0118694,0.0120029)
 [0.0107713,0.0123834)
 [0.00918509,0.00928707)
 [0.00877158,0.0119926)
 [0.00832867,0.00921785)
 [0.00814168,0.00927201)
 [0.00755248,0.00852198)
 [0.00752116,0.00768053)
 [0.00734999,0.0087191)
 [0.00720107,0.00752026)
 [0.00713896,0.00828903)
 [0.00703347,0.0081592)
 [0.00674728,0.00675687)
 [0.00641127,0.00742388)
 [0.00640207,0.00645987)
 [0.00629512,0.00659733)
 [0.00610865,0.00640315)
 [0.00605827,0.00785723)
 [0.00557205,0.00613384)
 [0.00554417,0.00654793)
 [0.00541919,0.00567476)
 [0.0052676,0.00601967)
 [0.00522503,0.00728491)
 [0.00519733,0.0052375)
 [0.00509044,0.00631167)
 [0.00508407,0.00545702)
 [0.00502839,0.00559092)
 [0.00498887,0.00558874)
 [0.00486509,0.00525747)
 [0.00462011,0.00561554)
 [0.00453949,0.00492695)
 [0.00453051,0.00513144)
 [0.00441801,0.00481925)
 [0.00438129,0.00443764)
 [0.00437136,0.00440662)
 [0.00415224,0.00517177)
 [0.00413812,0.00436517)
 [0.00401333,0.00446481)
 [0.00400902,0.00412087)
 [0.00400817,0.00454471)
 [0.00399051,0.00451094)
 [0.00397862,0.00399821)
 [0.00395351,0.00461001)
 [0.00388988,0.00444213)
 [0.00378861,0.00521536)
 [0.00376837,0.00382301)
 [0.00376229,0.00395344)
 [0.00367297,0.0039946)
 [0.00362343,0.00395778)
 [0.00359391,0.0047057)
 [0.00357226,0.00371213)
 [0.00339285,0.00353777)
 [0.00338872,0.00351325)
 [0.00333568,0.00401077)
 [0.00331793,0.00375805)
 [0.0030156,0.00325565)
 [0.00282273,0.00290623)
 [0.00264264,0.00288795)
 [0.00263397,0.0028632)
 [0.00240691,0.00245542)
 [0.00230118,0.00257163)
 [0.00222705,0.00247568)
 [0.00181408,0.00182822)
 [0.00177807,0.00186633)
 [0.000966454,0.00102533)
 [0.00081528,0.000903482)
 [0.000629118,0.000634426)
 [0.000619109,0.000650115)
 [0.000589923,0.000734319)
 [0.000540211,0.000564356)
 [0.000537576,0.000618264)
 [0.000521932,0.000529076)
 [0.000514635,0.000555046)
 [0.00049809,0.000518126)
 [0.000471144,0.000491187)
 [0.000450934,0.000473908)
 [0.000445346,0.000546028)
 [0.000418174,0.000424011)
 [0.000406865,0.000409121)
 [0.000398851,0.000404487)
 [0.000387164,0.000409136)
 [0.000351517,0.000378974)
 [0.000345688,0.000364868)
 [0.00032402,0.000334336)
 [0.000308295,0.000345823)
 [0.000302744,0.000306459)
 [0.000289699,0.000311474)
 [0.000284827,0.000319506)
 [0.000282087,0.000285464)
 [0.000275246,0.000279156)
 [0.000271768,0.000309913)
 [0.000269222,0.000362566)
 [0.000266993,0.000294138)
 [0.000264675,0.000338724)
 [0.00025647,0.000262247)
 [0.000250298,0.000250635)
 [0.000248795,0.000254428)
 [0.000246073,0.000248233)
 [0.000243923,0.000329233)
 [0.000241465,0.000265243)
 [0.000241373,0.000261253)
 [0.000237701,0.000279337)
 [0.000237002,0.000295815)
 [0.000234657,0.000246441)
 [0.000234424,0.00023559)
 [0.000233844,0.000254875)
 [0.000229903,0.000240852)
 [0.000229116,0.000302579)
 [0.000221327,0.000221793)
 [0.000206874,0.000236446)
 [0.000204838,0.000220823)
 [0.000202599,0.000207796)
 [0.000198763,0.000204092)
 [0.000197002,0.000215204)
 [0.000192626,0.000248108)
 [0.000186733,0.000189153)
 [0.000166544,0.000178006)
 [0.000165109,0.000203142)
 [0.000163032,0.000231072)
 [0.000157396,0.000159329)
 [0.00015584,0.000171142)
 [0.000153252,0.000158524)
 [0.000142175,0.000148532)
 [0.000132676,0.000133697)
 [0.000127568,0.000162892)
 [0.000125538,0.000128581)
