persistence intervals in dim 1:
 [0.0123642,0.0131253)
 [0.00872172,0.00916298)
 [0.0084537,0.00845654)
 [0.00806276,0.00876919)
 [0.00801058,0.00898733)
 [0.00746257,0.0084707)
 [0.00736556,0.00815678)
 [0.00729436,0.0077506)
 [0.00618374,0.00729353)
 [0.00599259,0.00689342)
 [0.00571301,0.00597757)
 [0.0056332,0.00582745)
 [0.00546779,0.00565815)
 [0.00537039,0.005785)
 [0.00524721,0.00555784)
 [0.00501305,0.00605443)
 [0.00492998,0.00514835)
 [0.00491825,0.00510503)
 [0.00478151,0.00528829)
 [0.00475116,0.00562134)
 [0.00467383,0.00474005)
 [0.00439663,0.00444343)
 [0.00438917,0.00479412)
 [0.00434544,0.00551966)
 [0.00430499,0.00622295)
 [0.00401057,0.00403057)
 [0.00392146,0.0041027)
 [0.00391882,0.00410521)
 [0.0038146,0.00383829)
 [0.00377808,0.0044678)
 [0.00376514,0.00419724)
 [0.00373709,0.00381935)
 [0.00368751,0.00393827)
 [0.00362709,0.00417597)
 [0.00362603,0.00365866)
 [0.00358756,0.00401459)
 [0.00348538,0.00371668)
 [0.00338299,0.00384611)
 [0.00331968,0.00337671)
 [0.00331952,0.00378747)
 [0.00324871,0.00374198)
 [0.00322708,0.00390099)
 [0.0032153,0.00330483)
 [0.00317614,0.0032407)
 [0.00314708,0.0033036)
 [0.00312675,0.00339806)
 [0.00290715,0.00386961)
 [0.00285479,0.00342524)
 [0.00273554,0.00283933)
 [0.00269063,0.00290903)
 [0.00268279,0.00270674)
 [0.00267201,0.00277734)
 [0.00265837,0.00298973)
 [0.00265574,0.00403301)
 [0.00260543,0.00284816)
 [0.00258743,0.00266097)
 [0.00256447,0.00274552)
 [0.00252629,0.00253244)
 [0.0025123,0.00258442)
 [0.00251185,0.00257681)
 [0.00249811,0.00264531)
 [0.00247547,0.00259101)
 [0.00246158,0.00254652)
 [0.00242602,0.00247074)
 [0.00237783,0.00266879)
 [0.00232378,0.00377688)
 [0.002323,0.00238561)
 [0.00231857,0.00243844)
 [0.0022213,0.00234101)
 [0.00217306,0.00226128)
 [0.00211631,0.00229393)
 [0.00202254,0.00284584)
 [0.00199188,0.00223577)
 [0.00198773,0.00200733)
 [0.00196901,0.00242915)
 [0.00196078,0.00244837)
 [0.00193273,0.00233424)
 [0.00192523,0.00194201)
 [0.00190132,0.00217481)
 [0.00188864,0.00191151)
 [0.00185625,0.00199097)
 [0.00185103,0.0020371)
 [0.00183802,0.00187682)
 [0.00181964,0.00182815)
 [0.00177468,0.0018471)
 [0.00176952,0.00189613)
 [0.00176617,0.00184799)
 [0.00172188,0.00184983)
 [0.0016664,0.00210185)
 [0.00165976,0.00176186)
 [0.00163905,0.00168816)
 [0.00158079,0.00171272)
 [0.00156393,0.0017373)
 [0.00153599,0.00157093)
 [0.00152724,0.00171713)
 [0.00150723,0.00155999)
 [0.00150275,0.00161358)
 [0.00147568,0.00147944)
 [0.00147252,0.00179955)
 [0.00147202,0.0019871)
 [0.00146801,0.00149162)
 [0.00145012,0.00145526)
 [0.00144985,0.00145877)
 [0.00144984,0.00150745)
 [0.00142333,0.00142574)
 [0.00138286,0.0016643)
 [0.00137203,0.00145202)
 [0.0013666,0.00180447)
 [0.00135549,0.00140664)
 [0.00134041,0.00147474)
 [0.00132656,0.00152968)
 [0.00131107,0.0014662)
 [0.00130836,0.00136069)
 [0.00125449,0.0015247)
 [0.00119965,0.00133903)
 [0.00116224,0.00118552)
 [0.00114803,0.00121436)
 [0.00114431,0.00121673)
 [0.0011079,0.00115465)
 [0.00109197,0.00119386)
 [0.00108186,0.00113025)
 [0.00099822,0.00109886)
 [0.000984524,0.00104613)
 [0.000983099,0.00113179)
 [0.000957611,0.00119438)
 [0.000951334,0.00127794)
 [0.000949156,0.000968378)
 [0.000891314,0.000951968)
 [0.000884363,0.000941025)
 [0.000873263,0.000963086)
 [0.000861416,0.000946294)
 [0.000841486,0.000917478)
 [0.000720222,0.000734357)
 [0.000677359,0.000718268)
 [0.000675499,0.000702122)
 [0.000592541,0.000608729)
 [0.000548569,0.00058731)
 [0.000430929,0.000438944)
 [0.000418658,0.000436665)
