persistence intervals in dim 0:
 [0,7.08347e-05)
 [0,8.20282e-05)
 [0,0.00011087)
 [0,0.000123635)
 [0,0.00014928)
 [0,0.000155951)
 [0,0.000162251)
 [0,0.000163825)
 [0,0.000165389)
 [0,0.000171097)
 [0,0.000174501)
 [0,0.000197159)
 [0,0.000198303)
 [0,0.000203625)
 [0,0.000208786)
 [0,0.000211472)
 [0,0.000225445)
 [0,0.000241794)
 [0,0.00025049)
 [0,0.000253111)
 [0,0.000253714)
 [0,0.000258175)
 [0,0.000274756)
 [0,0.000277485)
 [0,0.000277569)
 [0,0.00029951)
 [0,0.000301584)
 [0,0.000306483)
 [0,0.000310849)
 [0,0.000314334)
 [0,0.000318346)
 [0,0.000329966)
 [0,0.00033538)
 [0,0.000337314)
 [0,0.000341155)
 [0,0.000344116)
 [0,0.000347334)
 [0,0.000348987)
 [0,0.000363074)
 [0,0.000372689)
 [0,0.000374267)
 [0,0.000374449)
 [0,0.000374678)
 [0,0.000377458)
 [0,0.000379494)
 [0,0.000379577)
 [0,0.000385706)
 [0,0.000387034)
 [0,0.000391306)
 [0,0.000392783)
 [0,0.000394758)
 [0,0.000397831)
 [0,0.000398026)
 [0,0.000402497)
 [0,0.000402865)
 [0,0.000413767)
 [0,0.000421593)
 [0,0.000424047)
 [0,0.000425857)
 [0,0.000426346)
 [0,0.000426428)
 [0,0.000431593)
 [0,0.00043538)
 [0,0.000436527)
 [0,0.00043706)
 [0,0.000445575)
 [0,0.000446386)
 [0,0.000454168)
 [0,0.000460957)
 [0,0.000468241)
 [0,0.000471262)
 [0,0.000480792)
 [0,0.000485529)
 [0,0.000490029)
 [0,0.000491468)
 [0,0.000493589)
 [0,0.000494348)
 [0,0.000504729)
 [0,0.000505108)
 [0,0.000507815)
 [0,0.000510352)
 [0,0.000512175)
 [0,0.000513684)
 [0,0.000517412)
 [0,0.000522807)
 [0,0.000524031)
 [0,0.000532226)
 [0,0.000534569)
 [0,0.000540104)
 [0,0.000544677)
 [0,0.000546836)
 [0,0.00054695)
 [0,0.000551989)
 [0,0.000559305)
 [0,0.000563053)
 [0,0.000563174)
 [0,0.000567552)
 [0,0.000579595)
 [0,0.000582734)
 [0,0.000585278)
 [0,0.00060433)
 [0,0.000612848)
 [0,0.000618445)
 [0,0.000619649)
 [0,0.00062626)
 [0,0.000626416)
 [0,0.0006266)
 [0,0.00062739)
 [0,0.000631101)
 [0,0.000636791)
 [0,0.000638079)
 [0,0.000645543)
 [0,0.000645972)
 [0,0.000646815)
 [0,0.000647766)
 [0,0.000653199)
 [0,0.000654537)
 [0,0.000657901)
 [0,0.000658105)
 [0,0.00066164)
 [0,0.00066228)
 [0,0.000663523)
 [0,0.000664404)
 [0,0.000664421)
 [0,0.000666602)
 [0,0.000668756)
 [0,0.000668883)
 [0,0.000671001)
 [0,0.000671295)
 [0,0.000673499)
 [0,0.000676843)
 [0,0.000682482)
 [0,0.000684698)
 [0,0.000684924)
 [0,0.000689774)
 [0,0.000693046)
 [0,0.000694685)
 [0,0.000698183)
 [0,0.00070013)
 [0,0.000700444)
 [0,0.000703261)
 [0,0.000707205)
 [0,0.000711034)
 [0,0.000713977)
 [0,0.00072233)
 [0,0.000724629)
 [0,0.000725132)
 [0,0.00072854)
 [0,0.000729117)
 [0,0.000732832)
 [0,0.000737365)
 [0,0.000738265)
 [0,0.000740897)
 [0,0.000743512)
 [0,0.000743951)
 [0,0.000753792)
 [0,0.000759677)
 [0,0.000759911)
 [0,0.000763667)
 [0,0.000764173)
 [0,0.000765396)
 [0,0.000767256)
 [0,0.000773541)
 [0,0.00077749)
 [0,0.000777515)
 [0,0.000783097)
 [0,0.000784473)
 [0,0.00078746)
 [0,0.000788358)
 [0,0.000788644)
 [0,0.000789443)
 [0,0.000790177)
 [0,0.000791174)
 [0,0.000792637)
 [0,0.000795311)
 [0,0.000797084)
 [0,0.000803606)
 [0,0.000804319)
 [0,0.000808721)
 [0,0.000809332)
 [0,0.000811891)
 [0,0.000814006)
 [0,0.000819095)
 [0,0.000819128)
 [0,0.000820798)
 [0,0.000822171)
 [0,0.000823979)
 [0,0.000825601)
 [0,0.000825656)
 [0,0.000828748)
 [0,0.000829773)
 [0,0.000830256)
 [0,0.000831239)
 [0,0.000831789)
 [0,0.000832613)
 [0,0.000840091)
 [0,0.000840274)
 [0,0.000843074)
 [0,0.000846632)
 [0,0.000851445)
 [0,0.000853293)
 [0,0.000854208)
 [0,0.000857442)
 [0,0.00085951)
 [0,0.000861818)
 [0,0.000863192)
 [0,0.000867644)
 [0,0.000867998)
 [0,0.000868529)
 [0,0.000871474)
 [0,0.000871655)
 [0,0.00087258)
 [0,0.000872633)
 [0,0.000875243)
 [0,0.000878557)
 [0,0.000882821)
 [0,0.000883)
 [0,0.000887043)
 [0,0.00088711)
 [0,0.000887191)
 [0,0.00088787)
 [0,0.00088807)
 [0,0.000888265)
 [0,0.000892008)
 [0,0.000893406)
 [0,0.000893535)
 [0,0.00089392)
 [0,0.000895806)
 [0,0.00089684)
 [0,0.000899273)
 [0,0.000904268)
 [0,0.000905573)
 [0,0.000907198)
 [0,0.000907713)
 [0,0.000913119)
 [0,0.000914915)
 [0,0.000921241)
 [0,0.000921406)
 [0,0.00092243)
 [0,0.00092358)
 [0,0.000923645)
 [0,0.000925337)
 [0,0.000926917)
 [0,0.000930196)
 [0,0.000933808)
 [0,0.000947129)
 [0,0.000950578)
 [0,0.000952577)
 [0,0.00095361)
 [0,0.000953702)
 [0,0.000956234)
 [0,0.000964385)
 [0,0.000968545)
 [0,0.000974375)
 [0,0.000976956)
 [0,0.000977523)
 [0,0.000979807)
 [0,0.00098316)
 [0,0.000987922)
 [0,0.000989647)
 [0,0.00099014)
 [0,0.000991512)
 [0,0.000991603)
 [0,0.000995876)
 [0,0.000999201)
 [0,0.00101275)
 [0,0.0010138)
 [0,0.00101407)
 [0,0.00101433)
 [0,0.00101688)
 [0,0.00101961)
 [0,0.00102114)
 [0,0.00102287)
 [0,0.00102309)
 [0,0.00102398)
 [0,0.00102458)
 [0,0.00102551)
 [0,0.00102557)
 [0,0.00102661)
 [0,0.00102921)
 [0,0.00103006)
 [0,0.00103133)
 [0,0.00103198)
 [0,0.00103603)
 [0,0.00103853)
 [0,0.00103997)
 [0,0.00104067)
 [0,0.00104169)
 [0,0.00104643)
 [0,0.00104862)
 [0,0.00104943)
 [0,0.00105305)
 [0,0.00105418)
 [0,0.00105569)
 [0,0.00105676)
 [0,0.00105892)
 [0,0.00106431)
 [0,0.00106475)
 [0,0.00106626)
 [0,0.0010702)
 [0,0.0010744)
 [0,0.00107742)
 [0,0.00108146)
 [0,0.00108469)
 [0,0.00108546)
 [0,0.00108648)
 [0,0.00108695)
 [0,0.00108859)
 [0,0.00108939)
 [0,0.00108975)
 [0,0.00109096)
 [0,0.00109398)
 [0,0.00110125)
 [0,0.00110179)
 [0,0.00110215)
 [0,0.00110237)
 [0,0.0011027)
 [0,0.00110362)
 [0,0.00110465)
 [0,0.00110705)
 [0,0.00110815)
 [0,0.00110973)
 [0,0.00111826)
 [0,0.00111973)
 [0,0.00111998)
 [0,0.00112105)
 [0,0.00112609)
 [0,0.00112949)
 [0,0.00113117)
 [0,0.00113342)
 [0,0.00113725)
 [0,0.00113826)
 [0,0.00113961)
 [0,0.00114937)
 [0,0.00115116)
 [0,0.001152)
 [0,0.00115244)
 [0,0.0011623)
 [0,0.00116612)
 [0,0.00116677)
 [0,0.00116883)
 [0,0.00117089)
 [0,0.00117483)
 [0,0.00118009)
 [0,0.00118341)
 [0,0.00118414)
 [0,0.00118634)
 [0,0.00118734)
 [0,0.00118883)
 [0,0.0011919)
 [0,0.00119263)
 [0,0.00119266)
 [0,0.00119435)
 [0,0.0011972)
 [0,0.00120343)
 [0,0.00120415)
 [0,0.00120426)
 [0,0.00120867)
 [0,0.00121015)
 [0,0.00121799)
 [0,0.00122075)
 [0,0.00122204)
 [0,0.00122646)
 [0,0.00122665)
 [0,0.00122695)
 [0,0.00122851)
 [0,0.00123384)
 [0,0.0012353)
 [0,0.00123737)
 [0,0.00124127)
 [0,0.00124854)
 [0,0.00124873)
 [0,0.0012491)
 [0,0.00125035)
 [0,0.00125057)
 [0,0.00125194)
 [0,0.00125287)
 [0,0.00125446)
 [0,0.00125499)
 [0,0.00125982)
 [0,0.00126184)
 [0,0.00126755)
 [0,0.00126815)
 [0,0.00126859)
 [0,0.00126898)
 [0,0.00127121)
 [0,0.00127258)
 [0,0.00127554)
 [0,0.00127567)
 [0,0.00127994)
 [0,0.00128428)
 [0,0.00128487)
 [0,0.00128557)
 [0,0.00128636)
 [0,0.00128989)
 [0,0.00129011)
 [0,0.00129011)
 [0,0.00129285)
 [0,0.00129371)
 [0,0.00129458)
 [0,0.00129672)
 [0,0.00129785)
 [0,0.0013028)
 [0,0.00130374)
 [0,0.00130687)
 [0,0.00130834)
 [0,0.00131159)
 [0,0.00131636)
 [0,0.00131798)
 [0,0.00132496)
 [0,0.00132987)
 [0,0.0013312)
 [0,0.00133377)
 [0,0.00133912)
 [0,0.00134104)
 [0,0.00134106)
 [0,0.00134482)
 [0,0.00134531)
 [0,0.0013459)
 [0,0.001346)
 [0,0.00134645)
 [0,0.00134673)
 [0,0.0013475)
 [0,0.00135426)
 [0,0.00135504)
 [0,0.00135582)
 [0,0.00135961)
 [0,0.00136186)
 [0,0.00136577)
 [0,0.00136663)
 [0,0.00136971)
 [0,0.00137122)
 [0,0.00137416)
 [0,0.00137536)
 [0,0.00137674)
 [0,0.0013807)
 [0,0.00138102)
 [0,0.00138698)
 [0,0.00138987)
 [0,0.00139039)
 [0,0.00139193)
 [0,0.00139229)
 [0,0.00139327)
 [0,0.00139609)
 [0,0.00140084)
 [0,0.00140141)
 [0,0.00140263)
 [0,0.00140353)
 [0,0.00140441)
 [0,0.00140451)
 [0,0.00140704)
 [0,0.00141149)
 [0,0.00141298)
 [0,0.00141414)
 [0,0.00141855)
 [0,0.0014217)
 [0,0.00142276)
 [0,0.00143228)
 [0,0.00143467)
 [0,0.00143523)
 [0,0.00143753)
 [0,0.00143801)
 [0,0.00143852)
 [0,0.00143867)
 [0,0.00143973)
 [0,0.00144098)
 [0,0.00144281)
 [0,0.00144639)
 [0,0.00144735)
 [0,0.00144881)
 [0,0.00145031)
 [0,0.00145553)
 [0,0.00145624)
 [0,0.00145911)
 [0,0.00145922)
 [0,0.00146292)
 [0,0.00146791)
 [0,0.00146859)
 [0,0.00147126)
 [0,0.00147193)
 [0,0.00147413)
 [0,0.00147959)
 [0,0.00148154)
 [0,0.00148406)
 [0,0.00148437)
 [0,0.00148497)
 [0,0.00148525)
 [0,0.00148653)
 [0,0.00149059)
 [0,0.00149395)
 [0,0.00149916)
 [0,0.00150081)
 [0,0.00150167)
 [0,0.00150372)
 [0,0.00151824)
 [0,0.00152088)
 [0,0.00152159)
 [0,0.00152466)
 [0,0.00152734)
 [0,0.00153287)
 [0,0.00153356)
 [0,0.00153724)
 [0,0.0015414)
 [0,0.00154175)
 [0,0.00154374)
 [0,0.00154769)
 [0,0.00154888)
 [0,0.00155535)
 [0,0.00155795)
 [0,0.00155839)
 [0,0.001561)
 [0,0.00156112)
 [0,0.00157177)
 [0,0.00157327)
 [0,0.00157413)
 [0,0.00157975)
 [0,0.00158155)
 [0,0.00158516)
 [0,0.001594)
 [0,0.00160016)
 [0,0.00160423)
 [0,0.00161235)
 [0,0.00161333)
 [0,0.00161526)
 [0,0.00161575)
 [0,0.00161758)
 [0,0.00161852)
 [0,0.00161991)
 [0,0.00163261)
 [0,0.00164309)
 [0,0.00164594)
 [0,0.00166108)
 [0,0.00166342)
 [0,0.00166501)
 [0,0.0016705)
 [0,0.00167108)
 [0,0.00168598)
 [0,0.00169199)
 [0,0.0016935)
 [0,0.00169597)
 [0,0.00169636)
 [0,0.00169804)
 [0,0.00170568)
 [0,0.00170819)
 [0,0.00170826)
 [0,0.00170942)
 [0,0.00170966)
 [0,0.00170966)
 [0,0.0017118)
 [0,0.00171882)
 [0,0.00172493)
 [0,0.00173236)
 [0,0.00173315)
 [0,0.0017374)
 [0,0.00173947)
 [0,0.0017441)
 [0,0.00174437)
 [0,0.00174438)
 [0,0.00174716)
 [0,0.00174924)
 [0,0.00175392)
 [0,0.00175554)
 [0,0.00175632)
 [0,0.00176541)
 [0,0.00176723)
 [0,0.00177913)
 [0,0.00178292)
 [0,0.00178627)
 [0,0.00178703)
 [0,0.00179004)
 [0,0.0017914)
 [0,0.00179222)
 [0,0.0017939)
 [0,0.00179433)
 [0,0.0017956)
 [0,0.00179866)
 [0,0.00179899)
 [0,0.00180601)
 [0,0.00180969)
 [0,0.00181932)
 [0,0.00182862)
 [0,0.00183089)
 [0,0.00183186)
 [0,0.00183279)
 [0,0.00184632)
 [0,0.00184643)
 [0,0.00184654)
 [0,0.0018469)
 [0,0.00184805)
 [0,0.00184953)
 [0,0.00185045)
 [0,0.00185937)
 [0,0.0018607)
 [0,0.00186642)
 [0,0.00187088)
 [0,0.00188306)
 [0,0.00188369)
 [0,0.00188417)
 [0,0.0018891)
 [0,0.00189149)
 [0,0.00189232)
 [0,0.00189537)
 [0,0.00190206)
 [0,0.00190581)
 [0,0.00190765)
 [0,0.00191206)
 [0,0.00191321)
 [0,0.00191487)
 [0,0.00191567)
 [0,0.00192983)
 [0,0.00193694)
 [0,0.00193715)
 [0,0.00194158)
 [0,0.00194445)
 [0,0.00194873)
 [0,0.00195242)
 [0,0.00195555)
 [0,0.00195637)
 [0,0.00196089)
 [0,0.00197456)
 [0,0.00197789)
 [0,0.00198186)
 [0,0.00198325)
 [0,0.00198931)
 [0,0.00199228)
 [0,0.00200033)
 [0,0.00200558)
 [0,0.00202214)
 [0,0.00202371)
 [0,0.00202628)
 [0,0.00203258)
 [0,0.00203307)
 [0,0.00203412)
 [0,0.00203615)
 [0,0.00203846)
 [0,0.00203971)
 [0,0.00204135)
 [0,0.00204313)
 [0,0.00204556)
 [0,0.00204606)
 [0,0.00204745)
 [0,0.00204967)
 [0,0.00205433)
 [0,0.00207033)
 [0,0.00207686)
 [0,0.00207889)
 [0,0.00208994)
 [0,0.00209352)
 [0,0.00210496)
 [0,0.00210864)
 [0,0.00212616)
 [0,0.00212633)
 [0,0.0021305)
 [0,0.00213076)
 [0,0.00213498)
 [0,0.00213989)
 [0,0.00214532)
 [0,0.00215835)
 [0,0.00215924)
 [0,0.00216017)
 [0,0.00216378)
 [0,0.00216533)
 [0,0.00217037)
 [0,0.00217104)
 [0,0.0021774)
 [0,0.00219053)
 [0,0.00220763)
 [0,0.00222156)
 [0,0.0022288)
 [0,0.00223109)
 [0,0.00223141)
 [0,0.00223302)
 [0,0.0022458)
 [0,0.0022505)
 [0,0.0022567)
 [0,0.00225818)
 [0,0.00225946)
 [0,0.00227553)
 [0,0.00227629)
 [0,0.00228078)
 [0,0.00228106)
 [0,0.00228222)
 [0,0.0022859)
 [0,0.00229119)
 [0,0.00229912)
 [0,0.00229959)
 [0,0.00230051)
 [0,0.00230152)
 [0,0.00231592)
 [0,0.00231671)
 [0,0.00233343)
 [0,0.00234048)
 [0,0.00234306)
 [0,0.0023534)
 [0,0.00235686)
 [0,0.00237511)
 [0,0.00237728)
 [0,0.0023848)
 [0,0.00239847)
 [0,0.00243171)
 [0,0.0024428)
 [0,0.0024435)
 [0,0.0024476)
 [0,0.00245197)
 [0,0.00245595)
 [0,0.00245978)
 [0,0.00246478)
 [0,0.00246743)
 [0,0.00246926)
 [0,0.00247631)
 [0,0.00247817)
 [0,0.0024868)
 [0,0.00249084)
 [0,0.00250238)
 [0,0.00250415)
 [0,0.00250566)
 [0,0.00251788)
 [0,0.00252949)
 [0,0.00253581)
 [0,0.00253961)
 [0,0.00254407)
 [0,0.00256043)
 [0,0.00256172)
 [0,0.00256247)
 [0,0.00258842)
 [0,0.00259677)
 [0,0.00260903)
 [0,0.00262057)
 [0,0.00262966)
 [0,0.0026297)
 [0,0.00263346)
 [0,0.00263808)
 [0,0.00264894)
 [0,0.00265357)
 [0,0.0026651)
 [0,0.00266693)
 [0,0.00270812)
 [0,0.00271595)
 [0,0.00273639)
 [0,0.00273977)
 [0,0.00274567)
 [0,0.00274734)
 [0,0.00275106)
 [0,0.00276336)
 [0,0.00277607)
 [0,0.00277798)
 [0,0.00278126)
 [0,0.00280147)
 [0,0.0028175)
 [0,0.00282509)
 [0,0.00282691)
 [0,0.00283015)
 [0,0.00283301)
 [0,0.00283592)
 [0,0.00284216)
 [0,0.00284345)
 [0,0.0028448)
 [0,0.0028472)
 [0,0.00285251)
 [0,0.00285968)
 [0,0.0028603)
 [0,0.00287158)
 [0,0.00288297)
 [0,0.00288499)
 [0,0.00290565)
 [0,0.00291445)
 [0,0.00292737)
 [0,0.00299538)
 [0,0.0030037)
 [0,0.00301755)
 [0,0.00306733)
 [0,0.00307406)
 [0,0.00307635)
 [0,0.00307686)
 [0,0.0030895)
 [0,0.00310237)
 [0,0.00310377)
 [0,0.00311949)
 [0,0.00312692)
 [0,0.00314052)
 [0,0.00314317)
 [0,0.00314383)
 [0,0.00314498)
 [0,0.00315482)
 [0,0.00317186)
 [0,0.00317384)
 [0,0.00319501)
 [0,0.00319643)
 [0,0.00322181)
 [0,0.00327516)
 [0,0.0032865)
 [0,0.00333223)
 [0,0.00334258)
 [0,0.00334614)
 [0,0.00334726)
 [0,0.00336375)
 [0,0.00339363)
 [0,0.00339564)
 [0,0.00340965)
 [0,0.0034235)
 [0,0.00342919)
 [0,0.00343476)
 [0,0.00344863)
 [0,0.00346088)
 [0,0.0034939)
 [0,0.0035209)
 [0,0.00353484)
 [0,0.00354289)
 [0,0.00358064)
 [0,0.00360076)
 [0,0.00360996)
 [0,0.00362863)
 [0,0.00366336)
 [0,0.00368275)
 [0,0.00373161)
 [0,0.00373506)
 [0,0.00375106)
 [0,0.00375649)
 [0,0.00376629)
 [0,0.00377469)
 [0,0.00378485)
 [0,0.00379671)
 [0,0.00382234)
 [0,0.00382696)
 [0,0.00383073)
 [0,0.00384007)
 [0,0.00385743)
 [0,0.0038605)
 [0,0.00386734)
 [0,0.00390983)
 [0,0.00391923)
 [0,0.00391993)
 [0,0.00392914)
 [0,0.00394652)
 [0,0.00394854)
 [0,0.00396135)
 [0,0.00397886)
 [0,0.00399157)
 [0,0.00400442)
 [0,0.00401167)
 [0,0.00401305)
 [0,0.00404387)
 [0,0.00405276)
 [0,0.00405874)
 [0,0.00407042)
 [0,0.00407518)
 [0,0.00407667)
 [0,0.00410612)
 [0,0.00410681)
 [0,0.00415456)
 [0,0.00417779)
 [0,0.00419802)
 [0,0.00420031)
 [0,0.00423033)
 [0,0.00427518)
 [0,0.00428973)
 [0,0.00429315)
 [0,0.0043041)
 [0,0.00431405)
 [0,0.00433943)
 [0,0.00435507)
 [0,0.0043828)
 [0,0.00439098)
 [0,0.00440131)
 [0,0.00440348)
 [0,0.0045463)
 [0,0.00455275)
 [0,0.00457743)
 [0,0.00458054)
 [0,0.00459691)
 [0,0.00460779)
 [0,0.00464176)
 [0,0.00464949)
 [0,0.00465572)
 [0,0.00466156)
 [0,0.0046683)
 [0,0.00475136)
 [0,0.0047523)
 [0,0.00475674)
 [0,0.00475902)
 [0,0.00478814)
 [0,0.00482487)
 [0,0.0048406)
 [0,0.00484639)
 [0,0.00487094)
 [0,0.00487925)
 [0,0.00496397)
 [0,0.00499553)
 [0,0.00500716)
 [0,0.00503613)
 [0,0.00504432)
 [0,0.00518566)
 [0,0.00524249)
 [0,0.00524824)
 [0,0.00526317)
 [0,0.00531024)
 [0,0.00533654)
 [0,0.0053473)
 [0,0.00534877)
 [0,0.00538317)
 [0,0.00540188)
 [0,0.00543774)
 [0,0.00544628)
 [0,0.00545325)
 [0,0.00545678)
 [0,0.005658)
 [0,0.005687)
 [0,0.00572873)
 [0,0.00574498)
 [0,0.00575005)
 [0,0.00578002)
 [0,0.0058039)
 [0,0.00590496)
 [0,0.00596557)
 [0,0.00604479)
 [0,0.00611554)
 [0,0.00623509)
 [0,0.00648854)
 [0,0.00649223)
 [0,0.0065941)
 [0,0.00674602)
 [0,0.0067545)
 [0,0.00686151)
 [0,0.00693912)
 [0,0.00695806)
 [0,0.00695978)
 [0,0.00697413)
 [0,0.00703127)
 [0,0.0070941)
 [0,0.00710083)
 [0,0.00715243)
 [0,0.00733874)
 [0,0.00741769)
 [0,0.00745154)
 [0,0.00748289)
 [0,0.00763287)
 [0,0.00764382)
 [0,0.00776687)
 [0,0.00819022)
 [0,0.00819591)
 [0,0.00841649)
 [0,0.00847198)
 [0,0.00865176)
 [0,0.00873236)
 [0,0.00873648)
 [0,0.00876958)
 [0,0.00878221)
 [0,0.00889121)
 [0,0.00894952)
 [0,0.00905594)
 [0,0.00908786)
 [0,0.00912981)
 [0,0.00915941)
 [0,0.00916057)
 [0,0.00918443)
 [0,0.00918791)
 [0,0.00932489)
 [0,0.00932627)
 [0,0.00937237)
 [0,0.00942475)
 [0,0.00959222)
 [0,0.00974084)
 [0,0.00978569)
 [0,0.00979821)
 [0,0.00995642)
 [0,0.0101403)
 [0,0.0101857)
 [0,0.0102907)
 [0,0.0103232)
 [0,0.010431)
 [0,0.0105908)
 [0,0.0107901)
 [0,0.0108208)
 [0,0.0109155)
 [0,0.011092)
 [0,0.0111102)
 [0,0.0111937)
 [0,0.0117771)
 [0,0.0119026)
 [0,0.0122074)
 [0,0.0125327)
 [0,0.0125502)
 [0,0.0138348)
 [0,0.0138949)
 [0,0.0139006)
 [0,0.0139754)
 [0,0.0140632)
 [0,0.0159496)
 [0,0.0159627)
 [0,0.01731)
 [0,0.0219643)
 [0,0.0238857)
 [0,0.0242956)
 [0,0.0243054)
 [0,0.0267585)
 [0,0.0279054)
 [0,0.0302345)
 [0,0.0363631)
 [0,0.0663745)
 [0, )
