persistence intervals in dim 1:
 [0.0882042,0.096936)
 [0.0221708,0.02276)
 [0.0159091,0.0170065)
 [0.0132618,0.0157239)
 [0.0111723,0.0126678)
 [0.0110881,0.0118485)
 [0.0100187,0.0103361)
 [0.010013,0.0106338)
 [0.00953144,0.00956968)
 [0.00926602,0.012358)
 [0.00913337,0.00929649)
 [0.00885914,0.00890515)
 [0.0086794,0.00897726)
 [0.00848059,0.00906203)
 [0.00847066,0.00871053)
 [0.00826406,0.00883763)
 [0.00821128,0.00872115)
 [0.00819901,0.00989959)
 [0.00806149,0.00846988)
 [0.00798542,0.00888338)
 [0.00771637,0.00896079)
 [0.00749941,0.00751799)
 [0.00732758,0.00838262)
 [0.00726483,0.00807965)
 [0.00700332,0.00700528)
 [0.00698051,0.00704124)
 [0.00658393,0.00664424)
 [0.00634686,0.00661252)
 [0.0060709,0.00617847)
 [0.00587322,0.00627678)
 [0.00586606,0.00596797)
 [0.00584203,0.00728379)
 [0.00566399,0.00747394)
 [0.00554947,0.00570263)
 [0.00541129,0.00581179)
 [0.00537883,0.00555364)
 [0.00526508,0.00575065)
 [0.00519823,0.00533439)
 [0.00506068,0.00542863)
 [0.00496374,0.00513565)
 [0.00487576,0.00525795)
 [0.00486891,0.00488332)
 [0.00467148,0.00584514)
 [0.0046404,0.0046511)
 [0.00456898,0.00575312)
 [0.00455704,0.00488114)
 [0.0045368,0.00489056)
 [0.00449894,0.00506089)
 [0.00441198,0.00485842)
 [0.00429823,0.00489764)
 [0.00425482,0.00458046)
 [0.00419765,0.00488357)
 [0.0041466,0.00463763)
 [0.00407958,0.00447273)
 [0.00390607,0.00416006)
 [0.00389605,0.00432202)
 [0.00388204,0.00388917)
 [0.00385235,0.00413072)
 [0.0037467,0.00386556)
 [0.00371666,0.00390606)
 [0.00363172,0.00379751)
 [0.00360613,0.00396865)
 [0.00359219,0.00433662)
 [0.00358351,0.00386871)
 [0.00358017,0.00420424)
 [0.00356332,0.00479829)
 [0.00353867,0.00422177)
 [0.00351878,0.00373077)
 [0.00351656,0.00361394)
 [0.00351453,0.00368806)
 [0.00350912,0.00370044)
 [0.00348796,0.00363245)
 [0.00348355,0.00396739)
 [0.0034753,0.00388242)
 [0.00342041,0.00390826)
 [0.00341117,0.00348746)
 [0.00323324,0.00328373)
 [0.00319183,0.00377876)
 [0.00315903,0.00320311)
 [0.00312222,0.00313445)
 [0.0030089,0.00309234)
 [0.00300347,0.00434549)
 [0.0029663,0.00335965)
 [0.00294848,0.00400518)
 [0.00292276,0.00328373)
 [0.00290941,0.00343087)
 [0.00289285,0.00352675)
 [0.00284832,0.00328448)
 [0.00270328,0.00283501)
 [0.00268059,0.00270536)
 [0.00266592,0.0033563)
 [0.00264408,0.00310018)
 [0.00263809,0.0031666)
 [0.00262496,0.00270807)
 [0.0025778,0.00270643)
 [0.00244482,0.00264459)
 [0.0024433,0.00304467)
 [0.00242176,0.00242893)
 [0.00241532,0.00306064)
 [0.00238223,0.00260162)
 [0.00235379,0.00267501)
 [0.00235272,0.00252318)
 [0.00232629,0.00239948)
 [0.00230781,0.00246818)
 [0.00230649,0.00248472)
 [0.00230502,0.00246117)
 [0.00227612,0.00257474)
 [0.00223139,0.00225717)
 [0.00222246,0.00236425)
 [0.0021837,0.00296276)
 [0.00215579,0.00226621)
 [0.0021529,0.00306779)
 [0.00212797,0.00257098)
 [0.00212403,0.00229089)
 [0.00212261,0.0022525)
 [0.00211478,0.00214093)
 [0.00209585,0.00214395)
 [0.00208473,0.00210177)
 [0.00205208,0.00216663)
 [0.00204283,0.00210846)
 [0.00202383,0.00219427)
 [0.00202092,0.00264027)
 [0.00201445,0.00264176)
 [0.00194144,0.0026398)
 [0.00192775,0.00253851)
 [0.00190534,0.00212755)
 [0.00189042,0.00218894)
 [0.00187764,0.00206468)
 [0.00187578,0.00209193)
 [0.00185367,0.00197652)
 [0.00184139,0.0019525)
 [0.00182816,0.00192036)
 [0.00181272,0.00209826)
 [0.00178226,0.00206503)
 [0.00175588,0.00206645)
 [0.00172745,0.00237472)
 [0.00170418,0.00192914)
 [0.00169971,0.00180059)
 [0.00169222,0.00201875)
 [0.00164616,0.00171283)
 [0.00164007,0.00172862)
 [0.00162115,0.00169841)
 [0.00159276,0.00182167)
 [0.00157733,0.00183079)
 [0.00148608,0.00183324)
 [0.00146548,0.00156472)
 [0.00142644,0.00203733)
 [0.00141158,0.00161087)
 [0.00139846,0.00151899)
 [0.00139016,0.00143303)
 [0.00135957,0.00144158)
 [0.00135691,0.00145053)
 [0.00131641,0.00153451)
 [0.00127574,0.00191537)
 [0.00121423,0.00130007)
 [0.00119095,0.00132052)
 [0.0010604,0.00108766)
 [0.000971816,0.00102136)
 [0.000908289,0.0009124)
 [0.000844588,0.000897934)
