persistence intervals in dim 1:
 [0.0235561,0.0245435)
 [0.0219355,0.0224228)
 [0.0205732,0.0228768)
 [0.0190122,0.0227048)
 [0.0182204,0.0208877)
 [0.0180807,0.0204234)
 [0.0179485,0.0183239)
 [0.0165337,0.0192259)
 [0.0161892,0.0188949)
 [0.0160587,0.0184742)
 [0.0140048,0.0157399)
 [0.0139337,0.0141794)
 [0.0138038,0.0139826)
 [0.0137352,0.0161454)
 [0.0132395,0.0148644)
 [0.0130839,0.0140562)
 [0.0130629,0.0140863)
 [0.0130016,0.0132161)
 [0.0119203,0.013801)
 [0.0118785,0.0145254)
 [0.0109988,0.0138484)
 [0.010724,0.010771)
 [0.0104478,0.0136667)
 [0.0101086,0.0102935)
 [0.0100887,0.011713)
 [0.0097631,0.0114799)
 [0.00975081,0.0108875)
 [0.00961886,0.00980292)
 [0.00943343,0.0094823)
 [0.00894221,0.00968425)
 [0.00881871,0.00958212)
 [0.00864096,0.00944028)
 [0.00861793,0.00880522)
 [0.00860536,0.0104523)
 [0.00844967,0.00923514)
 [0.00822534,0.00874285)
 [0.00809206,0.00812862)
 [0.00794316,0.00831755)
 [0.00785049,0.00961157)
 [0.00780696,0.008147)
 [0.00770212,0.00819981)
 [0.00763785,0.00850748)
 [0.00761554,0.00984574)
 [0.00739282,0.00775879)
 [0.00732172,0.00760803)
 [0.0072728,0.00851788)
 [0.0072171,0.00739403)
 [0.007215,0.00757475)
 [0.00720807,0.00759603)
 [0.0072074,0.00889548)
 [0.0071163,0.00852463)
 [0.00710552,0.0072693)
 [0.00682974,0.00729224)
 [0.00671619,0.00680395)
 [0.00666534,0.00720676)
 [0.00645131,0.00720676)
 [0.00642382,0.00671734)
 [0.00641403,0.0080658)
 [0.00638498,0.0066247)
 [0.00624834,0.00640064)
 [0.00617982,0.00665802)
 [0.00612983,0.00700259)
 [0.00609302,0.00664)
 [0.00608627,0.00664461)
 [0.0060601,0.00677201)
 [0.00602994,0.00618032)
 [0.00602545,0.00639887)
 [0.00589353,0.00615353)
 [0.00579985,0.00669807)
 [0.00575679,0.00616931)
 [0.0056924,0.00572973)
 [0.00558993,0.00604299)
 [0.00555482,0.00560895)
 [0.00551093,0.00584685)
 [0.00548244,0.00558401)
 [0.00547293,0.00619461)
 [0.00540929,0.005513)
 [0.00539235,0.00593774)
 [0.00532686,0.00549455)
 [0.00529066,0.00576273)
 [0.00526525,0.00528828)
 [0.00516369,0.00539826)
 [0.00511768,0.00641146)
 [0.00508478,0.00564102)
 [0.00501329,0.00505019)
 [0.00496763,0.00579368)
 [0.00487226,0.00582089)
 [0.00482791,0.00497031)
 [0.00480441,0.00509633)
 [0.0047814,0.00497175)
 [0.00474152,0.00601938)
 [0.00462544,0.00529408)
 [0.00459305,0.00573182)
 [0.00448512,0.00462794)
 [0.00446494,0.0048)
 [0.00443863,0.00467303)
 [0.00442247,0.00475597)
 [0.00440794,0.00458954)
 [0.00436062,0.00476352)
 [0.00424056,0.00544126)
 [0.00422991,0.0049048)
 [0.00419902,0.00571731)
 [0.00419122,0.00549558)
 [0.00418493,0.00447435)
 [0.00416291,0.00457544)
 [0.00413958,0.00486435)
 [0.00409228,0.00480842)
 [0.00403711,0.00458454)
 [0.00402662,0.00408437)
 [0.00388337,0.00390499)
 [0.00379879,0.00470045)
 [0.00378557,0.00411933)
 [0.00377115,0.00416199)
 [0.00369177,0.00571713)
 [0.00365505,0.00393789)
 [0.00364417,0.00435806)
 [0.00363645,0.00393597)
 [0.00359184,0.00421529)
 [0.00355779,0.00454936)
 [0.00354712,0.0038391)
 [0.00351396,0.00391418)
 [0.00351152,0.0036189)
 [0.00351001,0.00419731)
 [0.00350843,0.00406847)
 [0.00347007,0.00421557)
 [0.00346111,0.00377424)
 [0.00344401,0.00387308)
 [0.00340616,0.00396594)
 [0.00340371,0.00366648)
 [0.00324096,0.0049392)
 [0.00322623,0.00354958)
 [0.00319478,0.00412689)
 [0.00318458,0.00403009)
 [0.00318158,0.00343551)
 [0.00316923,0.0040742)
 [0.00312292,0.00331673)
 [0.00302728,0.00321446)
 [0.00296842,0.00420722)
 [0.00296349,0.00424702)
 [0.00296104,0.0029964)
 [0.00293857,0.00296763)
 [0.00284045,0.00289233)
 [0.00279317,0.003167)
 [0.00273881,0.00289404)
 [0.00272501,0.00275964)
 [0.00266238,0.00326252)
 [0.00265072,0.00378897)
 [0.00263043,0.00267259)
 [0.00260739,0.00329557)
 [0.00250008,0.00278909)
 [0.00243634,0.00350944)
 [0.0023226,0.00243875)
 [0.00230094,0.00232802)
 [0.00229828,0.00241695)
 [0.00216945,0.00248262)
 [0.00216501,0.00220089)
 [0.00215425,0.00240235)
 [0.00215284,0.00243867)
 [0.0020911,0.00244643)
 [0.00206012,0.0023242)
 [0.00197476,0.0020719)
 [0.00191343,0.00201566)
 [0.00187992,0.00203469)
 [0.00173852,0.00177533)
 [0.00162061,0.00167831)
 [0.00148433,0.00151547)
 [0.00141544,0.00147908)
