persistence intervals in dim 1:
 [0.00184074,0.00186315)
 [0.00082238,0.00084061)
 [0.000728651,0.000772933)
 [0.00070643,0.00091235)
 [0.000502096,0.000625763)
 [0.000476939,0.000510148)
 [0.000471282,0.000473562)
 [0.000389519,0.000434164)
 [0.000379721,0.000382797)
 [0.000371739,0.000394503)
 [0.000357165,0.000398876)
 [0.00035409,0.000358748)
 [0.00034227,0.000348558)
 [0.000341682,0.000385647)
 [0.000336901,0.000351989)
 [0.000328493,0.000358234)
 [0.000319665,0.000332677)
 [0.00031732,0.00031967)
 [0.000316205,0.000321517)
 [0.00030325,0.000309724)
 [0.000289692,0.000290053)
 [0.000288922,0.000301588)
 [0.000280092,0.000289017)
 [0.000270911,0.000275278)
 [0.000263374,0.000284414)
 [0.000261393,0.000269677)
 [0.000259376,0.000283818)
 [0.000256427,0.000271977)
 [0.000252755,0.000275446)
 [0.000251393,0.00026288)
 [0.000243246,0.0002999)
 [0.000241466,0.000246534)
 [0.00023448,0.000335926)
 [0.000231629,0.00025178)
 [0.000229403,0.000259564)
 [0.000227821,0.00026186)
 [0.000225851,0.000271279)
 [0.000225694,0.00024279)
 [0.000222886,0.000254938)
 [0.00022239,0.000278372)
 [0.000222113,0.000232409)
 [0.000217507,0.000229144)
 [0.000217336,0.00022998)
 [0.000212878,0.00024177)
 [0.000211597,0.000211934)
 [0.000209526,0.0002582)
 [0.000207174,0.000219135)
 [0.000206289,0.000229079)
 [0.00020498,0.000229872)
 [0.000192192,0.000262136)
 [0.000191045,0.000195941)
 [0.000190924,0.000202536)
 [0.000190108,0.000196768)
 [0.000187582,0.00020959)
 [0.000185609,0.000206848)
 [0.00018287,0.000183014)
 [0.000182028,0.000199673)
 [0.000180328,0.000198698)
 [0.000180105,0.00018641)
 [0.000179692,0.000203634)
 [0.000178954,0.000187005)
 [0.000176377,0.00019173)
 [0.000175209,0.000199504)
 [0.000173265,0.000188399)
 [0.000172399,0.0002038)
 [0.000172027,0.000184798)
 [0.000170941,0.000173866)
 [0.000169431,0.000185346)
 [0.000168984,0.00017861)
 [0.000168701,0.000185826)
 [0.000166075,0.000186877)
 [0.000165524,0.00020427)
 [0.000164697,0.000245947)
 [0.000164124,0.000211246)
 [0.000162229,0.000188982)
 [0.00015793,0.000218598)
 [0.000157878,0.000183218)
 [0.000156028,0.00018184)
 [0.0001549,0.000214229)
 [0.000154835,0.00019662)
 [0.00015446,0.000159816)
 [0.000153877,0.00020094)
 [0.000153408,0.000156527)
 [0.000150773,0.000172049)
 [0.000150103,0.000160929)
 [0.000150055,0.000194036)
 [0.000146305,0.000149043)
 [0.000146232,0.000152187)
 [0.000145001,0.0001505)
 [0.000144893,0.000163618)
 [0.000144727,0.000160226)
 [0.000144317,0.000145908)
 [0.000144186,0.000148205)
 [0.000144059,0.000146685)
 [0.000143965,0.000161049)
 [0.000143147,0.000162007)
 [0.000142721,0.000143111)
 [0.000142229,0.00015493)
 [0.000140716,0.000170277)
 [0.000137956,0.00015006)
 [0.000136005,0.000149856)
 [0.000135429,0.000151106)
 [0.000134596,0.000134889)
 [0.000133585,0.000136814)
 [0.000133365,0.000136251)
 [0.000132291,0.00013357)
 [0.000131324,0.000165192)
 [0.000130499,0.000148743)
 [0.000130435,0.000132098)
 [0.000129615,0.000143895)
 [0.000129523,0.000130484)
 [0.000129263,0.000141425)
 [0.000128787,0.000158108)
 [0.000128491,0.000129296)
 [0.000127664,0.000143102)
 [0.000127241,0.000147801)
 [0.00012685,0.000173546)
 [0.000126544,0.000162713)
 [0.000126313,0.000133229)
 [0.000125011,0.000148115)
 [0.000124229,0.000157118)
 [0.00012396,0.000126859)
 [0.000122824,0.000125112)
 [0.00012204,0.000130202)
 [0.000120147,0.000124301)
 [0.000119712,0.000129299)
 [0.000119324,0.000132004)
 [0.000119286,0.000125181)
 [0.000118155,0.000122205)
 [0.000116017,0.000129297)
 [0.000115956,0.000133529)
 [0.00011511,0.000117472)
 [0.000114657,0.000123753)
 [0.000113886,0.000126713)
 [0.000113639,0.000116297)
 [0.000112925,0.00013228)
 [0.00011187,0.000114547)
 [0.0001099,0.000124041)
 [0.000109109,0.000142238)
 [0.000108871,0.000123438)
 [0.000107861,0.000126471)
 [0.000107299,0.00010805)
 [0.000106589,0.000120274)
 [0.000106448,0.000116537)
 [0.00010618,0.00013932)
 [0.000104752,0.000132533)
 [0.000104451,0.000140335)
 [0.000104451,0.000115664)
 [0.000104431,0.000121351)
 [0.000104048,0.000116254)
 [0.000104024,0.000126213)
 [0.000103282,0.000112872)
 [0.000103205,0.000138749)
 [0.000102343,0.000108425)
 [0.000102277,0.000122053)
 [0.000101611,0.000107466)
 [0.000100499,0.000105948)
 [9.97254e-05,0.000116289)
 [9.85406e-05,0.000144395)
 [9.85235e-05,0.000104786)
 [9.78413e-05,0.000121169)
 [9.76981e-05,9.78681e-05)
 [9.73503e-05,0.000102567)
 [9.68561e-05,0.000102714)
 [9.67677e-05,0.000120707)
 [9.63385e-05,0.000103025)
 [9.61149e-05,0.000117065)
 [9.58587e-05,0.000132885)
 [9.47954e-05,0.000100361)
 [9.426e-05,0.000103344)
 [9.36489e-05,0.000115173)
 [9.31337e-05,9.99901e-05)
 [9.28542e-05,0.000104355)
 [9.27958e-05,0.000120358)
 [9.26602e-05,0.000100622)
 [9.19239e-05,0.00010805)
 [9.16836e-05,9.23088e-05)
 [9.13573e-05,9.52108e-05)
 [9.03834e-05,0.000120208)
 [9.03828e-05,0.000110309)
 [9.00071e-05,9.3655e-05)
 [8.83454e-05,8.84092e-05)
 [8.7915e-05,0.000103471)
 [8.73218e-05,9.54463e-05)
 [8.55392e-05,9.78618e-05)
 [8.54463e-05,0.00010025)
 [8.49829e-05,9.39149e-05)
 [8.48698e-05,0.000109626)
 [8.40176e-05,8.57103e-05)
 [8.37318e-05,8.42684e-05)
 [8.35104e-05,8.73437e-05)
 [8.09818e-05,8.57085e-05)
 [7.84723e-05,8.74419e-05)
 [7.64797e-05,8.91915e-05)
 [7.63002e-05,7.7723e-05)
 [7.44382e-05,7.95038e-05)
 [7.22843e-05,7.26428e-05)
 [6.90583e-05,7.00934e-05)
 [6.27861e-05,6.63094e-05)
 [6.20081e-05,6.786e-05)
 [6.19289e-05,6.78905e-05)
