persistence intervals in dim 1:
 [0.0107956,0.0108062)
 [0.0107123,0.0108186)
 [0.0107025,0.0118688)
 [0.0080988,0.00858968)
 [0.00778468,0.00835998)
 [0.00742107,0.00768448)
 [0.00693215,0.00695453)
 [0.00692945,0.00701302)
 [0.00672526,0.00800216)
 [0.00636873,0.00664246)
 [0.00620715,0.00705754)
 [0.00608494,0.0066466)
 [0.00584426,0.00590354)
 [0.00578778,0.00683562)
 [0.00569586,0.00606721)
 [0.00562505,0.00573607)
 [0.00547181,0.00573684)
 [0.00543219,0.00604728)
 [0.00510704,0.0054012)
 [0.00510528,0.00564002)
 [0.00504977,0.00616582)
 [0.00491021,0.00539625)
 [0.00487268,0.00531127)
 [0.00478295,0.00612076)
 [0.0047467,0.00576205)
 [0.00473483,0.00475588)
 [0.00472933,0.00482354)
 [0.00468709,0.0047161)
 [0.00461426,0.00644905)
 [0.00461292,0.00470236)
 [0.00456474,0.004836)
 [0.00453246,0.00468084)
 [0.00443226,0.00443643)
 [0.00440161,0.00444283)
 [0.00436487,0.00487295)
 [0.00422835,0.0046466)
 [0.0042248,0.00431512)
 [0.00411124,0.0043945)
 [0.00410313,0.00421517)
 [0.00407786,0.00414126)
 [0.0039881,0.00400284)
 [0.00397193,0.00409437)
 [0.00396481,0.00415266)
 [0.00392459,0.00410684)
 [0.00391687,0.00453556)
 [0.00391163,0.00393179)
 [0.00391038,0.0039989)
 [0.00388915,0.00418155)
 [0.00386158,0.00412684)
 [0.00384713,0.00458102)
 [0.00384556,0.00414295)
 [0.00384151,0.00460951)
 [0.00380058,0.00468604)
 [0.00375531,0.00391821)
 [0.00373067,0.00377193)
 [0.00370217,0.00465299)
 [0.00368132,0.00375637)
 [0.00367035,0.00378312)
 [0.00364559,0.00398164)
 [0.00361976,0.00447393)
 [0.00360744,0.00381993)
 [0.00359488,0.00427405)
 [0.00358723,0.00400019)
 [0.00358049,0.00358209)
 [0.00356095,0.00361032)
 [0.00355977,0.00456253)
 [0.00354682,0.00361623)
 [0.0035413,0.00369703)
 [0.00350366,0.00369821)
 [0.00349251,0.00385479)
 [0.00348908,0.00394675)
 [0.00347537,0.00431971)
 [0.00345112,0.00430716)
 [0.00342563,0.004027)
 [0.00341063,0.00364888)
 [0.00340336,0.00463075)
 [0.00339399,0.0037524)
 [0.00336187,0.00376394)
 [0.00334481,0.00363707)
 [0.00332866,0.00359156)
 [0.00331976,0.00376758)
 [0.0033102,0.00352136)
 [0.00330937,0.00333785)
 [0.00330341,0.00367659)
 [0.0032981,0.00421171)
 [0.00327648,0.00386165)
 [0.00327348,0.00454797)
 [0.0032163,0.003382)
 [0.00319557,0.00363949)
 [0.0031744,0.00367729)
 [0.00317147,0.00334025)
 [0.00316392,0.00336085)
 [0.00312995,0.00348741)
 [0.00311898,0.00343286)
 [0.00310069,0.00331063)
 [0.00309974,0.00346126)
 [0.00309242,0.00408193)
 [0.00308575,0.00318325)
 [0.00306259,0.0037727)
 [0.00305076,0.00453127)
 [0.00304926,0.00307081)
 [0.00304347,0.00309616)
 [0.00302915,0.00353271)
 [0.00302561,0.00330056)
 [0.00302383,0.00313928)
 [0.00299604,0.00410838)
 [0.00299086,0.00336249)
 [0.00298655,0.00303912)
 [0.00296558,0.00379717)
 [0.00295679,0.00322038)
 [0.0029421,0.00308531)
 [0.00294078,0.00395985)
 [0.00293984,0.00320054)
 [0.00291895,0.0030649)
 [0.00291545,0.00330595)
 [0.00291489,0.00320045)
 [0.00290396,0.00312967)
 [0.00289837,0.00318432)
 [0.00289721,0.00354753)
 [0.00289592,0.00400271)
 [0.00288816,0.00319318)
 [0.00287532,0.00314165)
 [0.0028581,0.00305571)
 [0.00284837,0.00444757)
 [0.00283808,0.00320707)
 [0.00281591,0.00325019)
 [0.00280722,0.0042771)
 [0.00280304,0.00343212)
 [0.00280283,0.00285328)
 [0.00278921,0.00280157)
 [0.00278865,0.00294108)
 [0.00278316,0.00349499)
 [0.00277888,0.00301644)
 [0.00277047,0.00342797)
 [0.00277032,0.00389246)
 [0.00276967,0.0028024)
 [0.00276704,0.00298239)
 [0.00275808,0.00312173)
 [0.00273991,0.00297584)
 [0.00273968,0.00353586)
 [0.0027244,0.00282111)
 [0.0027222,0.00336654)
 [0.00271802,0.00290334)
 [0.00269753,0.00287107)
 [0.00269422,0.00308345)
 [0.00268883,0.00274869)
 [0.00268851,0.00329392)
 [0.00268345,0.00271984)
 [0.00268169,0.00306503)
 [0.002678,0.00278482)
 [0.00267208,0.00267742)
 [0.00266611,0.00276487)
 [0.00265412,0.00299958)
 [0.00265036,0.00304045)
 [0.00262831,0.00351209)
 [0.0026253,0.00296884)
 [0.00262169,0.00325854)
 [0.00262074,0.00281541)
 [0.00261617,0.00283545)
 [0.00261571,0.00318856)
 [0.00260151,0.00306985)
 [0.00259948,0.00261497)
 [0.00258255,0.00321929)
 [0.0025537,0.00290934)
 [0.00254671,0.00305287)
 [0.00251573,0.00312983)
 [0.00249681,0.002515)
 [0.00249616,0.00338029)
 [0.00249146,0.0025532)
 [0.00248482,0.00267218)
 [0.00248011,0.00253757)
 [0.00247856,0.00259729)
 [0.00247671,0.00366474)
 [0.00247578,0.00265951)
 [0.00247572,0.00254289)
 [0.0024715,0.00257997)
 [0.00246751,0.00310061)
 [0.00246233,0.00266662)
 [0.00245846,0.002771)
 [0.00245165,0.00263513)
 [0.00244584,0.00250401)
 [0.00244575,0.00251731)
 [0.00243498,0.00323811)
 [0.00242956,0.00391177)
 [0.00242365,0.00246189)
 [0.0024229,0.00276011)
 [0.00242272,0.00282082)
 [0.00241443,0.00278264)
 [0.00241095,0.00270644)
 [0.00240376,0.00244443)
 [0.00238962,0.00265342)
 [0.0023694,0.00274333)
 [0.00236788,0.00259127)
 [0.0023675,0.00245806)
 [0.0023668,0.00239815)
 [0.00236331,0.00393483)
 [0.00235699,0.00265305)
 [0.00235219,0.00299958)
 [0.00235067,0.00271704)
 [0.00234395,0.00262555)
 [0.00234137,0.00281035)
 [0.00233692,0.00237877)
 [0.00232095,0.00281538)
 [0.00229612,0.00326421)
 [0.00229424,0.0032125)
 [0.00229358,0.00292377)
 [0.00228701,0.00240146)
 [0.00228378,0.00241064)
 [0.00227477,0.00232284)
 [0.00225473,0.00236312)
 [0.00224403,0.00264853)
 [0.00223792,0.0023053)
 [0.00223725,0.00254287)
 [0.00223248,0.00234573)
 [0.00223164,0.00223795)
 [0.00222997,0.00224811)
 [0.00222983,0.00257693)
 [0.00220163,0.00258513)
 [0.00219321,0.00289404)
 [0.002193,0.00280707)
 [0.00219084,0.00317929)
 [0.00218888,0.00289309)
 [0.00218538,0.00253756)
 [0.00217992,0.00245782)
 [0.00216636,0.002216)
 [0.00216382,0.00275674)
 [0.00215235,0.00218131)
 [0.00214788,0.00227613)
 [0.0021475,0.00288871)
 [0.0021446,0.00307935)
 [0.00212842,0.00337698)
 [0.00211497,0.00219324)
 [0.00211345,0.00266331)
 [0.00209713,0.00276096)
 [0.00209113,0.0027774)
 [0.00208766,0.00222302)
 [0.00208556,0.00224456)
 [0.00208509,0.00288969)
 [0.00208012,0.00219607)
 [0.0020705,0.00230908)
 [0.00206537,0.00218008)
 [0.00204783,0.00226769)
 [0.00204091,0.00213927)
 [0.00203973,0.00211032)
 [0.00202831,0.00208496)
 [0.00202767,0.00216058)
 [0.00202576,0.00250295)
 [0.0020233,0.00244576)
 [0.00201817,0.00310006)
 [0.00200563,0.00259174)
 [0.00200119,0.00238519)
 [0.00198608,0.00239656)
 [0.00196555,0.00233026)
 [0.00195821,0.00222225)
 [0.00195449,0.00200879)
 [0.00194041,0.00292542)
 [0.00192587,0.00214519)
 [0.0019088,0.00195952)
 [0.0018984,0.00224118)
 [0.0018853,0.00210721)
 [0.00188326,0.00242368)
 [0.001882,0.00189711)
 [0.0018819,0.00193725)
 [0.00187366,0.00216763)
 [0.00187312,0.0019125)
 [0.00185628,0.00216954)
 [0.00184859,0.00187144)
 [0.00184329,0.00200174)
 [0.00184138,0.00198375)
 [0.00182306,0.00227876)
 [0.00181204,0.00198802)
 [0.00180488,0.00199205)
 [0.00178567,0.00210107)
 [0.00178522,0.00241957)
 [0.00178477,0.0018808)
 [0.00176436,0.0018243)
 [0.00175604,0.00295928)
 [0.00175199,0.00185989)
 [0.00174515,0.00213223)
 [0.00173984,0.00222205)
 [0.00173292,0.00185142)
 [0.00173219,0.00176823)
 [0.00173013,0.00217604)
 [0.00172922,0.00193189)
 [0.00172491,0.00183338)
 [0.00172463,0.00192815)
 [0.00172306,0.00178206)
 [0.00170588,0.00243099)
 [0.00170218,0.0019248)
 [0.00170197,0.00212479)
 [0.00169753,0.00183584)
 [0.00169298,0.00262702)
 [0.00168757,0.00202654)
 [0.00168734,0.00213927)
 [0.00168361,0.00176507)
 [0.00167799,0.00181069)
 [0.00167489,0.00234773)
 [0.0016737,0.00172216)
 [0.00166827,0.00211551)
 [0.00165942,0.00180764)
 [0.00165445,0.00177349)
 [0.0016279,0.00169076)
 [0.00162784,0.00163263)
 [0.00162617,0.00163301)
 [0.001624,0.00182406)
 [0.00160566,0.00186573)
 [0.00160114,0.00170058)
 [0.00158777,0.00177576)
 [0.0015744,0.00194968)
 [0.00156149,0.00160085)
 [0.00156064,0.00163343)
 [0.00155341,0.00180985)
 [0.00155213,0.00174692)
 [0.00148874,0.00190999)
 [0.00145372,0.0015643)
 [0.00145288,0.00164272)
 [0.00141157,0.00144128)
 [0.00139091,0.00219361)
 [0.00137211,0.00174352)
 [0.00128753,0.00135422)
 [0.00126087,0.00146894)
 [0.00122975,0.00170291)
 [0.0011445,0.00133467)
 [0.00113301,0.00149946)
