persistence intervals in dim 1:
 [0.0159758,0.0166784)
 [0.0128126,0.0138501)
 [0.0123188,0.0125846)
 [0.0112952,0.0147899)
 [0.0103469,0.0106778)
 [0.00976553,0.0101763)
 [0.00838133,0.0086105)
 [0.00776464,0.00815978)
 [0.00731316,0.00820052)
 [0.0063181,0.00661613)
 [0.0062071,0.006661)
 [0.00600035,0.00604884)
 [0.00574633,0.00637211)
 [0.00570893,0.00574345)
 [0.00570476,0.0057478)
 [0.00562848,0.00582083)
 [0.00555361,0.00612845)
 [0.00527597,0.0052802)
 [0.00504092,0.00525081)
 [0.00501559,0.00529792)
 [0.00476762,0.00559792)
 [0.00443972,0.00500441)
 [0.00436612,0.00438141)
 [0.0042715,0.00451445)
 [0.00407617,0.00418506)
 [0.00402303,0.00459435)
 [0.00395119,0.00434228)
 [0.00386608,0.00413838)
 [0.00379623,0.00532159)
 [0.00373099,0.00395666)
 [0.00362415,0.00409545)
 [0.00338118,0.00348314)
 [0.00336141,0.00421425)
 [0.00333821,0.00336393)
 [0.00328605,0.00341214)
 [0.00327797,0.00335327)
 [0.00318228,0.00321714)
 [0.00318185,0.00400407)
 [0.00315702,0.00386151)
 [0.00315002,0.00389264)
 [0.00313772,0.0032778)
 [0.00291537,0.00343775)
 [0.002872,0.00354435)
 [0.00280709,0.00289749)
 [0.00275551,0.00343259)
 [0.00275235,0.00291985)
 [0.00267508,0.0027156)
 [0.00266712,0.00329163)
 [0.00256306,0.00282195)
 [0.0025498,0.00264045)
 [0.00252609,0.00266001)
 [0.00252242,0.00258159)
 [0.0025155,0.00332035)
 [0.00251128,0.00278153)
 [0.00244633,0.0028879)
 [0.00244362,0.00250602)
 [0.00244349,0.00276743)
 [0.00243644,0.00284567)
 [0.00235844,0.00251605)
 [0.00233792,0.00305305)
 [0.00232687,0.0030023)
 [0.00230631,0.00250978)
 [0.00230118,0.00239152)
 [0.00230023,0.0023437)
 [0.00222877,0.00248198)
 [0.00221655,0.00221812)
 [0.00219065,0.00246127)
 [0.0021818,0.00278372)
 [0.00205682,0.00225773)
 [0.00203953,0.00219949)
 [0.0020305,0.00214924)
 [0.00202252,0.00208836)
 [0.00197629,0.00210178)
 [0.00194772,0.00200456)
 [0.00194296,0.0019968)
 [0.0019349,0.00254625)
 [0.00192547,0.00208155)
 [0.0019209,0.00252494)
 [0.00183416,0.00189365)
 [0.0018319,0.00183209)
 [0.00181608,0.00218027)
 [0.00178558,0.00194827)
 [0.00171511,0.00175834)
 [0.001627,0.00174749)
 [0.00156371,0.00205771)
 [0.00154945,0.001665)
 [0.00152916,0.0016224)
 [0.00152878,0.00173235)
 [0.00148006,0.00152086)
 [0.00146418,0.00167893)
 [0.0014391,0.00157077)
 [0.00143398,0.00144489)
 [0.00140188,0.00147999)
 [0.00139882,0.00191578)
 [0.00138282,0.00149512)
 [0.00137909,0.00147539)
 [0.00136401,0.00141374)
 [0.00135377,0.00137389)
 [0.00132505,0.00133372)
 [0.00126831,0.00144514)
 [0.00126129,0.00133143)
 [0.001261,0.00126265)
 [0.00125222,0.00125469)
 [0.00124092,0.0012635)
 [0.00123721,0.00132942)
 [0.00123329,0.00131446)
 [0.00121828,0.00132578)
 [0.00119632,0.00132522)
 [0.0011866,0.00136357)
 [0.00118297,0.00147831)
 [0.00117569,0.00140015)
 [0.00114289,0.0011642)
 [0.00110397,0.00111631)
 [0.00109707,0.00111939)
 [0.00108942,0.00115866)
 [0.00105681,0.00110388)
 [0.00101087,0.00117864)
 [0.000998296,0.00101863)
 [0.000994222,0.00116133)
 [0.000962231,0.00109536)
 [0.000951301,0.000980025)
 [0.000948253,0.00100631)
 [0.000939919,0.00109028)
 [0.000938956,0.00106911)
 [0.00093568,0.000957145)
 [0.000932829,0.00093655)
 [0.000921173,0.000960998)
 [0.000872918,0.000882513)
 [0.000836929,0.00104646)
 [0.000825285,0.00086993)
 [0.000781946,0.00103582)
 [0.000778264,0.000837974)
 [0.000720429,0.000734949)
 [0.000685361,0.000688867)
 [0.000671831,0.000677745)
 [0.000657698,0.000693164)
 [0.000639328,0.000699899)
 [0.00056569,0.000597266)
 [0.000450444,0.000501727)
