persistence intervals in dim 1:
 [0.00536356,0.0054028)
 [0.00535282,0.00577742)
 [0.0047598,0.00479366)
 [0.00441785,0.00468917)
 [0.00402113,0.00442371)
 [0.00395228,0.00443359)
 [0.00393597,0.00425782)
 [0.00362658,0.00384433)
 [0.00347155,0.00370453)
 [0.00332524,0.00357601)
 [0.00322431,0.00372739)
 [0.00321936,0.00349499)
 [0.00313436,0.00348954)
 [0.00311686,0.0032783)
 [0.00311202,0.00415149)
 [0.00309967,0.00360164)
 [0.00307244,0.00312984)
 [0.00302714,0.00369818)
 [0.00301884,0.00321619)
 [0.00301497,0.00408798)
 [0.00293115,0.00342929)
 [0.00292695,0.00331498)
 [0.00290546,0.00350892)
 [0.00287599,0.00307671)
 [0.00285705,0.00297358)
 [0.00283874,0.00318152)
 [0.00280139,0.0034897)
 [0.00272246,0.00285795)
 [0.00272016,0.00274264)
 [0.00271606,0.00275332)
 [0.002712,0.00281305)
 [0.00267494,0.00272348)
 [0.00265032,0.00294973)
 [0.00264373,0.00329482)
 [0.00263022,0.00275478)
 [0.00262216,0.00302505)
 [0.00261266,0.00306458)
 [0.00259503,0.00284214)
 [0.0025679,0.00267816)
 [0.00255395,0.00268432)
 [0.00255337,0.00270244)
 [0.00254485,0.00274664)
 [0.002543,0.00255446)
 [0.00252247,0.00265284)
 [0.00251364,0.00271079)
 [0.00251135,0.00254539)
 [0.00249908,0.00276256)
 [0.00249481,0.00336867)
 [0.00248346,0.00248747)
 [0.0024665,0.00274885)
 [0.00246288,0.00270682)
 [0.00242797,0.00244588)
 [0.0023727,0.00300281)
 [0.00236731,0.00250018)
 [0.00235954,0.00240082)
 [0.00234863,0.00238669)
 [0.00234131,0.00237587)
 [0.00233296,0.00252064)
 [0.00232216,0.00234354)
 [0.00230655,0.00290016)
 [0.00227814,0.00235667)
 [0.00227331,0.00261134)
 [0.0022688,0.00240606)
 [0.00226855,0.00281014)
 [0.00221902,0.00243018)
 [0.00217902,0.00237872)
 [0.00217673,0.00265125)
 [0.00216757,0.00274974)
 [0.00216007,0.00261725)
 [0.00214631,0.00273895)
 [0.00213368,0.00216141)
 [0.00213239,0.00275065)
 [0.00212092,0.00215941)
 [0.00211737,0.00288362)
 [0.00210541,0.00223891)
 [0.00205923,0.00206799)
 [0.00202863,0.00209646)
 [0.00202124,0.00222787)
 [0.00201498,0.00240612)
 [0.00201236,0.00241745)
 [0.00201053,0.00210479)
 [0.00200197,0.00219549)
 [0.00199475,0.00203573)
 [0.00198512,0.00199637)
 [0.00198251,0.00218621)
 [0.00196569,0.00220337)
 [0.00196107,0.00238039)
 [0.00194177,0.00203402)
 [0.00194006,0.00212313)
 [0.00193585,0.00219263)
 [0.00193203,0.00276314)
 [0.00189886,0.00251826)
 [0.00189863,0.00198031)
 [0.00189846,0.0026107)
 [0.00189188,0.00218735)
 [0.00189151,0.00208929)
 [0.00188224,0.00209787)
 [0.00188099,0.00298584)
 [0.0018739,0.00219598)
 [0.00187195,0.00194885)
 [0.0018678,0.00210716)
 [0.00185908,0.00196091)
 [0.00185651,0.00196552)
 [0.00184269,0.00200254)
 [0.00183653,0.00221259)
 [0.00183029,0.00236686)
 [0.00181931,0.00205987)
 [0.00181883,0.00222152)
 [0.00180502,0.00184586)
 [0.00177557,0.00233616)
 [0.00177545,0.00178882)
 [0.00177433,0.00181527)
 [0.00176779,0.00188961)
 [0.00176624,0.00201792)
 [0.00176153,0.0021953)
 [0.00175899,0.00182722)
 [0.00175728,0.00177888)
 [0.00173904,0.00208954)
 [0.00173644,0.00203459)
 [0.00172204,0.00181058)
 [0.00171884,0.00182914)
 [0.00170284,0.00214379)
 [0.00168807,0.00219883)
 [0.00167414,0.00183352)
 [0.00167285,0.00177308)
 [0.00166857,0.00190603)
 [0.00166746,0.00210197)
 [0.00166526,0.00216217)
 [0.00165988,0.00168197)
 [0.0016551,0.00198855)
 [0.00165341,0.00184689)
 [0.00165018,0.00185278)
 [0.00164765,0.00188711)
 [0.00163947,0.00202501)
 [0.00163792,0.00178766)
 [0.00162273,0.00225931)
 [0.00161616,0.00164964)
 [0.0016012,0.00192869)
 [0.00159567,0.00251556)
 [0.00158361,0.00190058)
 [0.00157298,0.00161706)
 [0.00156063,0.00165268)
 [0.00155866,0.00160457)
 [0.00155497,0.00201389)
 [0.00154317,0.00162416)
 [0.00153402,0.0027827)
 [0.00153184,0.00169234)
 [0.00151059,0.00178709)
 [0.00150987,0.00171147)
 [0.00148401,0.00166495)
 [0.00148262,0.00187284)
 [0.00147769,0.00166326)
 [0.00146813,0.00169644)
 [0.00146739,0.00161059)
 [0.00145098,0.0016971)
 [0.00145002,0.00167073)
 [0.00143458,0.00144806)
 [0.00142438,0.00165675)
 [0.00141103,0.00178706)
 [0.00140947,0.00151551)
 [0.00140274,0.00146409)
 [0.00139684,0.00141688)
 [0.00139423,0.00146282)
 [0.0013902,0.00153753)
 [0.00138125,0.00139571)
 [0.00137922,0.00144339)
 [0.00136097,0.00150702)
 [0.00135165,0.00143811)
 [0.00134555,0.00149604)
 [0.00134075,0.00151979)
 [0.001339,0.00161028)
 [0.001332,0.00134575)
 [0.00133156,0.00145422)
 [0.00133098,0.00144887)
 [0.00132037,0.00178622)
 [0.00129886,0.00155949)
 [0.00129097,0.00131648)
 [0.00128776,0.00152363)
 [0.00128716,0.00136164)
 [0.0012825,0.00146056)
 [0.00127433,0.00128549)
 [0.00127306,0.00127872)
 [0.00125238,0.00155687)
 [0.00124954,0.00128914)
 [0.00124728,0.00161856)
 [0.00124605,0.00149814)
 [0.00123963,0.00151508)
 [0.00123465,0.00182752)
 [0.00122612,0.00123879)
 [0.00121185,0.00134093)
 [0.00119776,0.00129747)
 [0.00119739,0.00143918)
 [0.0011951,0.00121738)
 [0.00118602,0.00153404)
 [0.00118599,0.00125518)
 [0.00118412,0.00160506)
 [0.00118002,0.00152093)
 [0.00117991,0.0012882)
 [0.0011671,0.00138683)
 [0.00116259,0.00157525)
 [0.00115526,0.00120584)
 [0.00115339,0.00124447)
 [0.00113678,0.00115258)
 [0.00107848,0.00129083)
 [0.00107425,0.00108117)
 [0.00106304,0.00125121)
 [0.00105695,0.00118783)
 [0.00103174,0.00110604)
 [0.00103095,0.00106011)
 [0.00101628,0.00102155)
 [0.000997915,0.0011694)
 [0.000997656,0.00111609)
 [0.00098796,0.00104871)
 [0.000979236,0.00129259)
 [0.000968044,0.00142508)
 [0.000965046,0.00100987)
 [0.000962823,0.000966334)
 [0.000959433,0.000965156)
 [0.000948697,0.00107157)
 [0.0009463,0.000985936)
 [0.000942592,0.00102217)
 [0.000942009,0.000945575)
 [0.000935363,0.00122222)
 [0.000933716,0.000958087)
 [0.000915396,0.00106089)
 [0.000915033,0.00105283)
 [0.000903948,0.00103454)
 [0.000896272,0.000988084)
 [0.000884291,0.000988689)
 [0.000839456,0.000933525)
 [0.00083451,0.000921049)
 [0.000812648,0.000898016)
 [0.000808493,0.00088353)
 [0.00077643,0.000982816)
 [0.00064341,0.000653353)
 [0.00061942,0.000906547)
 [0.000618431,0.000676538)
