persistence intervals in dim 1:
 [0.0138913,0.014496)
 [0.0136232,0.013636)
 [0.0101348,0.0108595)
 [0.0100971,0.0117151)
 [0.0099793,0.0103799)
 [0.00782113,0.00787227)
 [0.0069885,0.00703047)
 [0.00697535,0.00869402)
 [0.00666377,0.00710162)
 [0.00558085,0.00652443)
 [0.00480119,0.00602938)
 [0.00436795,0.00543349)
 [0.0042032,0.00431041)
 [0.00391291,0.00411711)
 [0.00385582,0.00432911)
 [0.00381367,0.00397142)
 [0.00367682,0.00413398)
 [0.00356602,0.00457266)
 [0.00344296,0.00398192)
 [0.00323115,0.00325343)
 [0.00311582,0.00358212)
 [0.00306807,0.00314079)
 [0.00303216,0.0033516)
 [0.00293045,0.00294358)
 [0.0027902,0.00279885)
 [0.00274453,0.00306877)
 [0.0026165,0.00266215)
 [0.00255631,0.0025852)
 [0.00250791,0.00262892)
 [0.00244224,0.00267828)
 [0.00236944,0.00237838)
 [0.00233394,0.00272525)
 [0.00225227,0.00251129)
 [0.00222864,0.00230782)
 [0.00222155,0.0028561)
 [0.00221179,0.00270949)
 [0.00212047,0.0025263)
 [0.00209731,0.00227701)
 [0.00178873,0.00202058)
 [0.00176109,0.00189484)
 [0.00175562,0.00185569)
 [0.00171658,0.0019847)
 [0.0016991,0.00187676)
 [0.00164285,0.00175231)
 [0.00161923,0.00164518)
 [0.00157468,0.00186761)
 [0.00147529,0.00163356)
 [0.00145419,0.00146407)
 [0.00144677,0.00160782)
 [0.00144224,0.00177574)
 [0.00141701,0.00145767)
 [0.0014091,0.00143146)
 [0.0013898,0.00165891)
 [0.00137569,0.00148891)
 [0.00136953,0.00147715)
 [0.00136348,0.001372)
 [0.00125957,0.00127565)
 [0.00124138,0.0014408)
 [0.00123237,0.00148706)
 [0.00120751,0.00125825)
 [0.0011655,0.0011828)
 [0.00115577,0.00162051)
 [0.0011517,0.00130692)
 [0.0011366,0.0011429)
 [0.00112895,0.00140732)
 [0.00108556,0.00122199)
 [0.00107527,0.00114956)
 [0.00106624,0.00133223)
 [0.0010136,0.00122231)
 [0.00100836,0.00117686)
 [0.00100085,0.00103755)
 [0.00099321,0.00114542)
 [0.000979376,0.00102865)
 [0.00096157,0.000991242)
 [0.000959501,0.00097867)
 [0.000954138,0.000982585)
 [0.000931167,0.000980555)
 [0.000918228,0.000985386)
 [0.000906069,0.000915037)
 [0.000878583,0.00103256)
 [0.000875381,0.000881787)
 [0.000852445,0.000951922)
 [0.000852217,0.000882353)
 [0.000850397,0.00102975)
 [0.000840651,0.00111882)
 [0.000840612,0.000922428)
 [0.000804108,0.000805362)
 [0.000798382,0.000898293)
 [0.000783114,0.000847814)
 [0.000777389,0.00101919)
 [0.000775181,0.000796933)
 [0.000757242,0.000774926)
 [0.000756306,0.00089358)
 [0.000755294,0.000843193)
 [0.000749953,0.00106731)
 [0.000742951,0.000780444)
 [0.000739264,0.00102734)
 [0.000738962,0.000802446)
 [0.000720928,0.000811532)
 [0.000710956,0.000821034)
 [0.000708937,0.000784988)
 [0.000699687,0.000711158)
 [0.000697906,0.000744718)
 [0.000689377,0.000774481)
 [0.000687805,0.000705734)
 [0.000671679,0.00073135)
 [0.000667453,0.000846832)
 [0.000658519,0.000704279)
 [0.000657932,0.000660335)
 [0.000656335,0.0007492)
 [0.000654396,0.000685599)
 [0.00064844,0.000656872)
 [0.000640296,0.000675735)
 [0.000624655,0.000678426)
 [0.000615347,0.000675705)
 [0.000607245,0.000717567)
 [0.000596312,0.000818389)
 [0.000589106,0.000609956)
 [0.000569681,0.00060506)
 [0.000544522,0.000634411)
 [0.000528627,0.000624241)
 [0.000506638,0.000570437)
 [0.000504183,0.000662845)
 [0.000495084,0.000504446)
 [0.000483434,0.000531828)
 [0.000378633,0.000465621)
