persistence intervals in dim 1:
 [0.0186351,0.0206959)
 [0.0185085,0.0205778)
 [0.0147625,0.0155538)
 [0.0136905,0.01564)
 [0.0133972,0.0137139)
 [0.0133954,0.0135905)
 [0.0128242,0.0130779)
 [0.0126628,0.0128702)
 [0.0124856,0.014083)
 [0.0121569,0.012256)
 [0.0115687,0.0121563)
 [0.0112915,0.0121055)
 [0.0106799,0.0114588)
 [0.0104478,0.0106683)
 [0.0103651,0.0105077)
 [0.0102176,0.0111996)
 [0.00993835,0.0109324)
 [0.00989785,0.0103871)
 [0.0094656,0.00976324)
 [0.00937871,0.0096477)
 [0.00936503,0.0107031)
 [0.00932624,0.0112597)
 [0.0092415,0.00987561)
 [0.00905477,0.00921664)
 [0.00889945,0.00927955)
 [0.00886499,0.0102692)
 [0.00886091,0.00890215)
 [0.00884063,0.00907273)
 [0.00875963,0.00932635)
 [0.00873091,0.00900775)
 [0.00861548,0.00875001)
 [0.00861434,0.00882652)
 [0.0083989,0.00859572)
 [0.00817958,0.00879017)
 [0.00813257,0.00851539)
 [0.00811084,0.00829449)
 [0.00806919,0.00849691)
 [0.00792415,0.00912723)
 [0.00776579,0.00808055)
 [0.00753567,0.00772536)
 [0.00747756,0.00801437)
 [0.00719177,0.00720208)
 [0.00718628,0.00729179)
 [0.00711134,0.00869998)
 [0.00704498,0.0088262)
 [0.0069785,0.00811378)
 [0.00690444,0.00727033)
 [0.00675719,0.00730205)
 [0.00661543,0.00663017)
 [0.00655849,0.00696346)
 [0.00651671,0.00656415)
 [0.00639935,0.00731466)
 [0.00636893,0.00666012)
 [0.00635632,0.00696263)
 [0.0061525,0.00627316)
 [0.00603616,0.00633856)
 [0.00603575,0.00701261)
 [0.00602609,0.00722973)
 [0.00599024,0.00666418)
 [0.00597289,0.00652184)
 [0.00594129,0.00658423)
 [0.00593158,0.00658653)
 [0.00593012,0.00695291)
 [0.00588862,0.00708576)
 [0.00563756,0.0063777)
 [0.00563481,0.0061185)
 [0.00561369,0.00773036)
 [0.00560984,0.00618193)
 [0.00551552,0.00611811)
 [0.00544563,0.00661422)
 [0.00539598,0.00569359)
 [0.00532232,0.00711285)
 [0.0053198,0.00552219)
 [0.0052874,0.00535919)
 [0.00525303,0.00567717)
 [0.00524775,0.00591077)
 [0.005217,0.00573977)
 [0.00521532,0.00534591)
 [0.00521374,0.00527753)
 [0.00519834,0.00653259)
 [0.00517474,0.00543782)
 [0.00515789,0.00623359)
 [0.00514156,0.00524646)
 [0.00511422,0.0054572)
 [0.00510183,0.00528197)
 [0.00508848,0.00530303)
 [0.00505151,0.0052324)
 [0.00504295,0.00603293)
 [0.0049892,0.00516471)
 [0.00498824,0.00584221)
 [0.00494289,0.00559057)
 [0.00489866,0.00660778)
 [0.00484241,0.00542489)
 [0.00480452,0.00540444)
 [0.00477056,0.00502561)
 [0.00476632,0.0049855)
 [0.0047558,0.00642741)
 [0.00475295,0.00530266)
 [0.00474539,0.00646035)
 [0.00474136,0.00489234)
 [0.0047407,0.00495561)
 [0.00473985,0.00503471)
 [0.00473887,0.00480839)
 [0.00472256,0.00476852)
 [0.00471286,0.00484053)
 [0.00459616,0.00521139)
 [0.00455862,0.00498037)
 [0.00455802,0.00477874)
 [0.0045265,0.00504438)
 [0.00452497,0.00496902)
 [0.00450341,0.00582698)
 [0.00449081,0.00465032)
 [0.00443607,0.00468191)
 [0.00440166,0.00454626)
 [0.00438737,0.00488902)
 [0.00438372,0.00596809)
 [0.00431037,0.00577207)
 [0.0043024,0.00443194)
 [0.00426957,0.0048276)
 [0.00426817,0.00461025)
 [0.00424821,0.00448889)
 [0.00423779,0.00443475)
 [0.00421408,0.00430263)
 [0.00421008,0.0043525)
 [0.00409308,0.00478637)
 [0.00409042,0.00415921)
 [0.00408821,0.00443991)
 [0.00404921,0.00410562)
 [0.00398352,0.00493678)
 [0.00397307,0.0046254)
 [0.00397302,0.00450011)
 [0.00395954,0.00446619)
 [0.00394304,0.00410486)
 [0.00392055,0.00490879)
 [0.00390334,0.00424084)
 [0.00386864,0.00424491)
 [0.00386757,0.00387102)
 [0.00385938,0.00493628)
 [0.00384759,0.00438323)
 [0.0038036,0.00411959)
 [0.00379173,0.00421653)
 [0.00378933,0.00398748)
 [0.00378188,0.00393773)
 [0.00377426,0.00378733)
 [0.00374349,0.00535965)
 [0.00372981,0.00436325)
 [0.00371347,0.00405552)
 [0.00371125,0.00380237)
 [0.00370218,0.00495539)
 [0.00370051,0.00408237)
 [0.00368506,0.00457293)
 [0.00366719,0.00372924)
 [0.00366259,0.00529802)
 [0.00362444,0.00401551)
 [0.00362069,0.003673)
 [0.00361734,0.00401897)
 [0.00361338,0.00362503)
 [0.00358434,0.00384605)
 [0.00356057,0.00433596)
 [0.00355949,0.00446262)
 [0.00355788,0.00365809)
 [0.0034856,0.00390063)
 [0.00342888,0.00372923)
 [0.00341409,0.00403001)
 [0.00339591,0.00397513)
 [0.00339104,0.00375174)
 [0.00338668,0.00395699)
 [0.00337845,0.00347762)
 [0.00333177,0.0043999)
 [0.00324836,0.00368662)
 [0.0032425,0.00326309)
 [0.0032209,0.00337138)
 [0.00320961,0.00328794)
 [0.00318106,0.00357652)
 [0.00315471,0.00333188)
 [0.00313941,0.00334508)
 [0.00310895,0.00339383)
 [0.00305506,0.00305606)
 [0.00304753,0.00312041)
 [0.00303675,0.00321699)
 [0.00302429,0.00313803)
 [0.00295234,0.00323515)
 [0.00294069,0.00321261)
 [0.00278487,0.00308401)
 [0.00276543,0.00292856)
 [0.00275132,0.00282544)
 [0.00265392,0.0027905)
 [0.00258959,0.00281578)
 [0.00248322,0.00309139)
 [0.00242492,0.00267201)
 [0.00229063,0.00233473)
