persistence intervals in dim 1:
 [0.0239563,0.0248908)
 [0.0217384,0.0222695)
 [0.0199331,0.0204843)
 [0.0174746,0.0184652)
 [0.0173626,0.0196097)
 [0.0152832,0.0156662)
 [0.0136403,0.0144461)
 [0.0135907,0.0152346)
 [0.0134615,0.014322)
 [0.0115291,0.0135386)
 [0.0114848,0.0120934)
 [0.0109282,0.012896)
 [0.0107274,0.011999)
 [0.0104895,0.0120366)
 [0.0103049,0.011195)
 [0.00942404,0.0101728)
 [0.00920159,0.00928894)
 [0.00916746,0.00999505)
 [0.00901648,0.00911964)
 [0.00810309,0.00918146)
 [0.00761804,0.00763629)
 [0.00753282,0.00930746)
 [0.00752004,0.00757763)
 [0.00746238,0.00762325)
 [0.00723325,0.00830568)
 [0.00695424,0.00764988)
 [0.00642839,0.00790381)
 [0.00616258,0.00651735)
 [0.00612409,0.00618655)
 [0.00606274,0.0070334)
 [0.00603042,0.00653888)
 [0.00602317,0.00628825)
 [0.00583059,0.0061422)
 [0.00582289,0.00609725)
 [0.00581757,0.00607685)
 [0.00579351,0.0058946)
 [0.00560215,0.00639142)
 [0.00554873,0.00596875)
 [0.00550288,0.0056271)
 [0.00542841,0.00578063)
 [0.00525499,0.0072675)
 [0.00487071,0.00489333)
 [0.00482392,0.00530637)
 [0.00480135,0.00501732)
 [0.00473982,0.00541052)
 [0.00457318,0.00476271)
 [0.00453079,0.00498276)
 [0.00452701,0.00477955)
 [0.00446032,0.00472419)
 [0.00444737,0.00461617)
 [0.00442178,0.00445303)
 [0.00409152,0.00438415)
 [0.00407194,0.00445303)
 [0.00402564,0.00442824)
 [0.00383303,0.00384603)
 [0.00381373,0.00425724)
 [0.00375158,0.00419602)
 [0.00366839,0.00367272)
 [0.00363313,0.00370768)
 [0.00357785,0.00374105)
 [0.00352094,0.00371839)
 [0.00342749,0.0035635)
 [0.00341326,0.0034966)
 [0.00338057,0.00378337)
 [0.00331033,0.00372573)
 [0.00329162,0.0038481)
 [0.00328098,0.00337458)
 [0.00323536,0.00326801)
 [0.00318804,0.00319039)
 [0.00318208,0.00395402)
 [0.00311153,0.00364718)
 [0.00308072,0.00414976)
 [0.0030518,0.0031075)
 [0.00293672,0.00330242)
 [0.00285343,0.00299456)
 [0.00284446,0.00322171)
 [0.00283842,0.00284957)
 [0.00283264,0.00284386)
 [0.00281609,0.00283644)
 [0.00278502,0.00289613)
 [0.00274156,0.00356897)
 [0.00273717,0.00330743)
 [0.00269003,0.00282746)
 [0.0026749,0.00278368)
 [0.00263752,0.00329393)
 [0.00263503,0.00289654)
 [0.00250942,0.00320621)
 [0.00246715,0.00280332)
 [0.00243419,0.00278906)
 [0.00234272,0.0025715)
 [0.00234125,0.00258134)
 [0.00233538,0.00255847)
 [0.00232011,0.00234354)
 [0.0023168,0.0023884)
 [0.00231138,0.00242581)
 [0.00228341,0.00238122)
 [0.00228151,0.00240311)
 [0.00228148,0.00260344)
 [0.00227951,0.00336158)
 [0.0021972,0.00225749)
 [0.00215756,0.00226918)
 [0.00204428,0.00214035)
 [0.00203102,0.00203804)
 [0.00200972,0.00215464)
 [0.00198744,0.00203978)
 [0.00189607,0.00249216)
 [0.00188406,0.00227597)
 [0.0018755,0.00209547)
 [0.0018489,0.00221272)
 [0.00183609,0.00212769)
 [0.00181907,0.00207608)
 [0.00181266,0.00204683)
 [0.00179981,0.00187654)
 [0.0017679,0.00203645)
 [0.00176717,0.00180533)
 [0.00170821,0.00219244)
 [0.00170539,0.0021007)
 [0.00168104,0.00190282)
 [0.00161737,0.00173952)
 [0.00146414,0.00192472)
 [0.00143362,0.00145429)
 [0.00143091,0.00177241)
 [0.00140093,0.0014951)
 [0.00135384,0.00163955)
 [0.00129027,0.00139668)
 [0.00128348,0.00158071)
 [0.00127767,0.00132331)
 [0.00118932,0.00150482)
 [0.00101435,0.00116433)
 [0.000897902,0.000903561)
 [0.000867593,0.000871856)
 [0.000849925,0.00101064)
 [0.000684717,0.000839658)
 [0.000584946,0.000695858)
