persistence intervals in dim 1:
 [0.0573779,0.0581011)
 [0.0328936,0.0344337)
 [0.0182538,0.0183182)
 [0.0139907,0.0152346)
 [0.0128167,0.0139391)
 [0.0125031,0.0130218)
 [0.0122056,0.0133771)
 [0.0113859,0.0115431)
 [0.0108337,0.0108813)
 [0.0107177,0.0107692)
 [0.00995039,0.0113737)
 [0.0097962,0.010669)
 [0.00953766,0.0110164)
 [0.00937212,0.00964887)
 [0.00832224,0.00977294)
 [0.00805319,0.00883163)
 [0.00779743,0.0100198)
 [0.00737738,0.0079071)
 [0.00735156,0.00742909)
 [0.00710944,0.00715853)
 [0.00672837,0.0072879)
 [0.00665851,0.00677106)
 [0.00656887,0.00679928)
 [0.0065272,0.00661331)
 [0.00635055,0.00641672)
 [0.00627017,0.00637081)
 [0.00596976,0.00631481)
 [0.00570437,0.00667693)
 [0.0057013,0.00688522)
 [0.00552035,0.00554565)
 [0.00528718,0.0064298)
 [0.00516463,0.00628448)
 [0.00514052,0.00660749)
 [0.00509705,0.00521542)
 [0.00502943,0.00578505)
 [0.0049377,0.00517137)
 [0.00490501,0.00590858)
 [0.00488393,0.00524231)
 [0.00478074,0.0051651)
 [0.00467872,0.00552782)
 [0.0046606,0.00471299)
 [0.00453459,0.00536979)
 [0.00453027,0.00462186)
 [0.00442184,0.00572044)
 [0.00441679,0.00590227)
 [0.00438007,0.00445574)
 [0.00423562,0.00425113)
 [0.00423369,0.00522718)
 [0.0042074,0.00484804)
 [0.00414391,0.00598502)
 [0.00412993,0.00509018)
 [0.00409701,0.00457798)
 [0.00401257,0.00480625)
 [0.00398958,0.00416138)
 [0.00394386,0.00446273)
 [0.00388785,0.00452769)
 [0.00381529,0.00441468)
 [0.00377014,0.00549473)
 [0.00371399,0.00390085)
 [0.00369372,0.00384622)
 [0.00355918,0.00455042)
 [0.00349439,0.00349812)
 [0.00349103,0.00355875)
 [0.0034351,0.00349861)
 [0.00327253,0.00350768)
 [0.00314193,0.00321704)
 [0.00306195,0.00338781)
 [0.00304707,0.00349689)
 [0.00304484,0.00341416)
 [0.00282429,0.00288092)
 [0.00278692,0.00290679)
 [0.00272563,0.00291645)
 [0.00271851,0.00309231)
 [0.00265569,0.00293343)
 [0.00262536,0.00277716)
 [0.00256883,0.00264319)
 [0.0025349,0.00280308)
 [0.00247476,0.00250535)
 [0.0023431,0.00253893)
 [0.00230857,0.00240876)
 [0.00211634,0.00221459)
 [0.00205635,0.00284657)
 [0.00202965,0.00217551)
 [0.00191054,0.00195755)
 [0.00181703,0.00190836)
 [0.00179815,0.00203729)
 [0.00173783,0.00179532)
 [0.00167202,0.00177646)
 [0.00166613,0.00166969)
 [0.00165714,0.00212465)
 [0.00163518,0.00172742)
 [0.00159869,0.0017029)
 [0.00156273,0.001633)
 [0.00148498,0.00172512)
 [0.00145787,0.00156401)
 [0.00131919,0.00148026)
 [0.00131073,0.00140638)
 [0.00117677,0.00123602)
 [0.00114371,0.00119137)
 [0.00107422,0.00108177)
 [0.00106046,0.00167661)
 [0.000984204,0.00117636)
 [0.000982488,0.00120534)
 [0.000925746,0.000968404)
 [0.000801534,0.00084342)
 [0.000738142,0.000884533)
 [0.000659004,0.000681783)
