persistence intervals in dim 1:
 [0.00206765,0.0020911)
 [0.00176404,0.00178333)
 [0.00170359,0.00206633)
 [0.0014482,0.00147022)
 [0.00137686,0.00137937)
 [0.00127653,0.00128372)
 [0.00127215,0.00128444)
 [0.00124187,0.00131951)
 [0.00121445,0.00129408)
 [0.0011608,0.00120166)
 [0.00108933,0.001254)
 [0.00103781,0.00108639)
 [0.00101241,0.00102044)
 [0.000987611,0.00115013)
 [0.000972167,0.00151132)
 [0.000948026,0.00111062)
 [0.000943644,0.00118395)
 [0.000936871,0.00105082)
 [0.000936244,0.00099512)
 [0.000934798,0.000963309)
 [0.000920898,0.000956718)
 [0.000918825,0.000980716)
 [0.000912555,0.000933378)
 [0.000884175,0.000963312)
 [0.000875618,0.000962182)
 [0.000875333,0.000907593)
 [0.000863784,0.000895649)
 [0.000861788,0.00087208)
 [0.000851575,0.000877325)
 [0.000833921,0.00106552)
 [0.000830989,0.000840711)
 [0.000827713,0.000896288)
 [0.000823715,0.000858552)
 [0.000811847,0.000991317)
 [0.000808784,0.000968506)
 [0.000802581,0.000814665)
 [0.000798048,0.00106587)
 [0.000797327,0.000823497)
 [0.000793549,0.000905861)
 [0.000790948,0.000834297)
 [0.000780064,0.000938886)
 [0.000762821,0.000788167)
 [0.000753485,0.000809635)
 [0.000745334,0.000754102)
 [0.000734646,0.00077943)
 [0.000734619,0.00101386)
 [0.000733016,0.000764699)
 [0.000727296,0.000749889)
 [0.000721904,0.000807258)
 [0.000712031,0.000727272)
 [0.000710621,0.000947768)
 [0.000708959,0.000803489)
 [0.000702737,0.000711649)
 [0.000686901,0.000712783)
 [0.000686418,0.00073171)
 [0.000684675,0.000742361)
 [0.000673291,0.000680368)
 [0.000671952,0.000746764)
 [0.000668587,0.000831213)
 [0.000666327,0.000688664)
 [0.000666036,0.000716872)
 [0.000662521,0.000682101)
 [0.000661942,0.000681289)
 [0.000659464,0.000739255)
 [0.000658757,0.000794118)
 [0.000654324,0.000922009)
 [0.000640192,0.000704945)
 [0.000639894,0.000749973)
 [0.000629259,0.00064876)
 [0.000622991,0.000671758)
 [0.000608631,0.000610285)
 [0.000600387,0.000766847)
 [0.000598721,0.000746908)
 [0.000596719,0.000620596)
 [0.000593418,0.000724085)
 [0.000577246,0.000626165)
 [0.000573144,0.000602861)
 [0.000571005,0.00061646)
 [0.000570954,0.000583081)
 [0.000569255,0.000633047)
 [0.000566495,0.000620226)
 [0.000558644,0.00067823)
 [0.000557734,0.000571965)
 [0.0005528,0.000577295)
 [0.000551977,0.000558174)
 [0.000551643,0.000551914)
 [0.000550991,0.000556371)
 [0.000549687,0.000598167)
 [0.0005472,0.00057853)
 [0.000547037,0.000551188)
 [0.000539595,0.000586269)
 [0.000535275,0.000563805)
 [0.000534428,0.000553915)
 [0.000533687,0.000537477)
 [0.000533353,0.000545518)
 [0.000531292,0.000592066)
 [0.000526351,0.000702137)
 [0.000524832,0.000603519)
 [0.000519554,0.000623628)
 [0.000510813,0.000585221)
 [0.000505456,0.000609608)
 [0.000503861,0.000504288)
 [0.000502119,0.00059708)
 [0.000500852,0.000509478)
 [0.000499254,0.000500327)
 [0.000497699,0.000565393)
 [0.000496401,0.000646673)
 [0.000494535,0.000551432)
 [0.00049424,0.000590674)
 [0.000493227,0.000562168)
 [0.000492234,0.000555456)
 [0.000491137,0.000550656)
 [0.000490268,0.000587078)
 [0.000489179,0.000498829)
 [0.000486668,0.000488532)
 [0.000486479,0.000494535)
 [0.00048499,0.000517249)
 [0.000479355,0.000582898)
 [0.000479185,0.000519368)
 [0.000475676,0.000522238)
 [0.000469188,0.00047558)
 [0.000468429,0.000491182)
 [0.000465613,0.00047995)
 [0.000460253,0.000495457)
 [0.000459095,0.000516942)
 [0.000458996,0.000490799)
 [0.000458603,0.000468324)
 [0.000457775,0.000458934)
 [0.000452962,0.000480529)
 [0.000451282,0.000667911)
 [0.000450091,0.000504179)
 [0.000449814,0.000490579)
 [0.000448798,0.000483198)
 [0.000444534,0.000617835)
 [0.000443537,0.000452316)
 [0.000439322,0.000494923)
 [0.000436147,0.000475952)
 [0.000435179,0.000455026)
 [0.000432317,0.000538286)
 [0.000423278,0.000511776)
 [0.000422436,0.000469184)
 [0.000421291,0.000522059)
 [0.000420657,0.000447249)
 [0.000419071,0.000447938)
 [0.000418694,0.000424669)
 [0.00041525,0.000510421)
 [0.000413965,0.000470736)
 [0.000411759,0.000507351)
 [0.000411208,0.000426268)
 [0.000411011,0.00050864)
 [0.000410978,0.000486028)
 [0.000408761,0.000465869)
 [0.000406789,0.000417489)
 [0.000405922,0.000488459)
 [0.000404853,0.000443794)
 [0.00040339,0.000471526)
 [0.000400203,0.00044852)
 [0.000399986,0.000410368)
 [0.000399532,0.000451048)
 [0.000396523,0.000425757)
 [0.000395192,0.000571056)
 [0.000394669,0.000420342)
 [0.000394251,0.000432924)
 [0.000393685,0.000559083)
 [0.000393109,0.000525149)
 [0.000392815,0.000418658)
 [0.000389375,0.000444131)
 [0.000387645,0.000684186)
 [0.000387135,0.000392487)
 [0.000384433,0.00040917)
 [0.000382747,0.000386562)
 [0.000382301,0.000443895)
 [0.000381197,0.000434692)
 [0.0003781,0.000471807)
 [0.000377657,0.000457358)
 [0.000377595,0.000389116)
 [0.000375011,0.000375066)
 [0.000372797,0.000406916)
 [0.000371883,0.000417719)
 [0.000368569,0.000496785)
 [0.000368384,0.00039717)
 [0.00036715,0.000411127)
 [0.000366299,0.000412393)
 [0.000363532,0.000456597)
 [0.000363084,0.000404501)
 [0.000361162,0.000368782)
 [0.000359417,0.000485164)
 [0.000358805,0.000461146)
 [0.000358194,0.000377621)
 [0.00035809,0.000388616)
 [0.000358034,0.000396141)
 [0.000355409,0.000382047)
 [0.000354994,0.000392645)
 [0.000353066,0.000383444)
 [0.000352316,0.000450235)
 [0.000351588,0.000381941)
 [0.000350637,0.000410368)
 [0.000350555,0.000402029)
 [0.000350271,0.000413526)
 [0.000350248,0.000445914)
 [0.00034748,0.000571799)
 [0.000347136,0.000364207)
 [0.000346876,0.000362808)
 [0.000346824,0.000356347)
 [0.00034658,0.000389922)
 [0.000344276,0.000346112)
 [0.000342769,0.000374298)
 [0.000341808,0.000344933)
 [0.000341728,0.000431569)
 [0.000340004,0.000434963)
 [0.000334942,0.000377889)
 [0.000334909,0.000368926)
 [0.000330898,0.000387468)
 [0.000330829,0.000341494)
 [0.000329486,0.000330898)
 [0.000329314,0.000374263)
 [0.000326889,0.000373067)
 [0.000325774,0.000327259)
 [0.000324746,0.00047757)
 [0.000324271,0.000374159)
 [0.000323979,0.000332871)
 [0.000322858,0.000330927)
 [0.000322823,0.000338418)
 [0.000322729,0.000553719)
 [0.000320484,0.000355227)
 [0.000320313,0.000326359)
 [0.000316554,0.000334262)
 [0.000316344,0.000321701)
 [0.000316227,0.000335627)
 [0.000315127,0.00035153)
 [0.000313508,0.000407407)
 [0.000312735,0.000321627)
 [0.000311701,0.000354763)
 [0.000308794,0.000352096)
 [0.00030874,0.000324614)
 [0.000307011,0.000316653)
 [0.000306221,0.000332507)
 [0.000304583,0.000341812)
 [0.000304293,0.000316452)
 [0.000303729,0.000315026)
 [0.000301894,0.000321732)
 [0.000301226,0.000334376)
 [0.000296307,0.000363118)
 [0.000293429,0.000472416)
 [0.000292564,0.000349259)
 [0.000289795,0.000295522)
 [0.000288233,0.000330001)
 [0.000283957,0.00029383)
 [0.000281204,0.000330984)
 [0.000280879,0.000308253)
 [0.000280493,0.000311757)
 [0.000278472,0.000405846)
 [0.000268795,0.000321275)
 [0.000268404,0.000291532)
 [0.000267802,0.000313571)
 [0.000265822,0.000302448)
 [0.000264109,0.000280589)
 [0.000247941,0.000304951)
 [0.000243108,0.000267302)
 [0.00023978,0.000283703)
 [0.000239057,0.000304499)
 [0.000229772,0.000286548)
 [0.000225417,0.000234967)
 [0.000217809,0.000223909)
 [0.000214783,0.000235654)
 [0.000213322,0.000213609)
 [0.000206173,0.000218288)
 [0.000163728,0.000169807)
