persistence intervals in dim 1:
 [0.0431816,0.0453286)
 [0.0398527,0.0408314)
 [0.0206642,0.0214082)
 [0.0197261,0.0200786)
 [0.0195062,0.0208622)
 [0.0170196,0.0174163)
 [0.0156149,0.016814)
 [0.0154387,0.0166636)
 [0.0153848,0.01732)
 [0.0139166,0.0149499)
 [0.0138102,0.0145159)
 [0.011688,0.0120283)
 [0.0113801,0.0114107)
 [0.0113612,0.0119135)
 [0.0109606,0.0114194)
 [0.0106768,0.0111972)
 [0.0101051,0.010106)
 [0.00978226,0.00981042)
 [0.00948666,0.0108664)
 [0.00839589,0.00869249)
 [0.00834839,0.00881272)
 [0.00821241,0.00848042)
 [0.00799761,0.00849432)
 [0.00782507,0.00806019)
 [0.00774534,0.00802761)
 [0.00737894,0.00775784)
 [0.00728735,0.00755112)
 [0.00726279,0.00886859)
 [0.00707558,0.00797254)
 [0.0068296,0.0088105)
 [0.00680098,0.00826995)
 [0.00677628,0.00738805)
 [0.00653036,0.00667976)
 [0.00641029,0.00694864)
 [0.00614864,0.00707155)
 [0.00602479,0.00636261)
 [0.00570995,0.00577613)
 [0.00566433,0.00628982)
 [0.00556704,0.00590437)
 [0.00545532,0.00694746)
 [0.00531216,0.0060712)
 [0.00530035,0.0055079)
 [0.00529919,0.00603871)
 [0.00523158,0.00536344)
 [0.00522199,0.0054834)
 [0.00516759,0.00531099)
 [0.00502631,0.00532167)
 [0.00500639,0.00539451)
 [0.00497493,0.00548529)
 [0.00488218,0.00497078)
 [0.0048379,0.00486316)
 [0.00479785,0.00486452)
 [0.00473622,0.00515929)
 [0.0047176,0.00495233)
 [0.00469968,0.00477514)
 [0.00461546,0.00508974)
 [0.00448091,0.00452375)
 [0.00446984,0.00451041)
 [0.00441499,0.0046221)
 [0.00438278,0.00595653)
 [0.0043634,0.00448858)
 [0.00435263,0.0048518)
 [0.00430416,0.00441477)
 [0.004299,0.00531608)
 [0.00426671,0.00450351)
 [0.00420782,0.00431028)
 [0.00419554,0.00444657)
 [0.00407426,0.00475024)
 [0.00406156,0.00494995)
 [0.00405144,0.00560363)
 [0.00401152,0.00496196)
 [0.00389284,0.00480851)
 [0.00385429,0.00438369)
 [0.00380572,0.00402098)
 [0.00378112,0.00436026)
 [0.00378069,0.00378937)
 [0.0037703,0.00397554)
 [0.00370576,0.00419252)
 [0.003704,0.00377278)
 [0.00369521,0.00482065)
 [0.00363007,0.00423948)
 [0.0036209,0.00381869)
 [0.00359422,0.00404062)
 [0.00351865,0.00361319)
 [0.00349655,0.00356614)
 [0.00345912,0.00373556)
 [0.00345333,0.00380827)
 [0.00345003,0.00388704)
 [0.00344917,0.00360594)
 [0.00342902,0.00371769)
 [0.00342391,0.00508744)
 [0.00339535,0.00347089)
 [0.00337066,0.00349953)
 [0.00335655,0.00344693)
 [0.00333715,0.00345076)
 [0.003314,0.00370025)
 [0.00330648,0.00349591)
 [0.00327533,0.00329313)
 [0.0032357,0.00391823)
 [0.003232,0.00412501)
 [0.00320203,0.00380763)
 [0.00317132,0.00356627)
 [0.00314818,0.00377024)
 [0.00311833,0.00318429)
 [0.00310799,0.00432625)
 [0.00307314,0.00383738)
 [0.00306017,0.00315237)
 [0.00303227,0.00314185)
 [0.0030156,0.00303563)
 [0.00300418,0.00310446)
 [0.0029404,0.00312511)
 [0.00293395,0.00313469)
 [0.00287694,0.00325874)
 [0.002867,0.0028745)
 [0.00283946,0.00285924)
 [0.00282733,0.00288173)
 [0.00279929,0.00288526)
 [0.00275769,0.0032315)
 [0.002735,0.00281515)
 [0.00273484,0.00336496)
 [0.00273039,0.00305801)
 [0.00270956,0.00271275)
 [0.00269538,0.0031822)
 [0.00267915,0.00301534)
 [0.00266038,0.00281807)
 [0.00265296,0.00282206)
 [0.00259383,0.00305094)
 [0.00256741,0.00300509)
 [0.00256738,0.00260814)
 [0.00248878,0.00332142)
 [0.00244298,0.00244415)
 [0.0024415,0.00288865)
 [0.00242849,0.00279791)
 [0.00234572,0.00252447)
 [0.00230808,0.00256761)
 [0.00229047,0.00232994)
 [0.00224316,0.00257679)
 [0.00222709,0.00275046)
 [0.00221862,0.00252035)
 [0.00219249,0.00318123)
 [0.0021682,0.0022865)
 [0.00216196,0.00222358)
 [0.00215047,0.002166)
 [0.00214191,0.0025152)
 [0.00214075,0.00305356)
 [0.00213359,0.00218689)
 [0.00210808,0.00215571)
 [0.00210799,0.0023168)
 [0.00210336,0.00212625)
 [0.00202014,0.00234259)
 [0.00191677,0.00195325)
 [0.00187422,0.00217815)
 [0.00185572,0.00200643)
 [0.00185356,0.0018875)
 [0.00184737,0.00203001)
 [0.00181677,0.00195441)
 [0.00175274,0.00187299)
 [0.0017452,0.00204578)
 [0.00173275,0.00211415)
 [0.00172335,0.00187204)
 [0.00170545,0.00188482)
 [0.00168019,0.00173237)
 [0.00166589,0.00221798)
 [0.00165925,0.00213936)
 [0.00164813,0.00176051)
 [0.00151135,0.00165865)
 [0.00113621,0.00120989)
 [0.0010941,0.00117411)
