persistence intervals in dim 1:
 [0.000800029,0.00104298)
 [0.000796999,0.000816835)
 [0.000794151,0.00079433)
 [0.000772752,0.000938431)
 [0.000620035,0.000662278)
 [0.000578901,0.000606041)
 [0.000569386,0.000592307)
 [0.00054635,0.000546569)
 [0.000546132,0.000561807)
 [0.000536609,0.000568677)
 [0.000498904,0.0005347)
 [0.000493729,0.000518908)
 [0.000481448,0.000493327)
 [0.000472078,0.000567372)
 [0.000451527,0.000456935)
 [0.000436315,0.000472167)
 [0.000433794,0.000476636)
 [0.000427918,0.000596673)
 [0.000413431,0.000508183)
 [0.000409187,0.000449835)
 [0.000407113,0.000455804)
 [0.000389601,0.000400588)
 [0.000380271,0.000432676)
 [0.000376385,0.000407896)
 [0.000366324,0.000367785)
 [0.000365434,0.00038142)
 [0.000361289,0.000382218)
 [0.000355925,0.000357911)
 [0.00034945,0.000390451)
 [0.000347749,0.000361869)
 [0.000339464,0.000343762)
 [0.000339345,0.000344714)
 [0.000335528,0.000365766)
 [0.000326604,0.0003828)
 [0.000319454,0.000329614)
 [0.000311181,0.000318805)
 [0.000308709,0.000341821)
 [0.000301884,0.000348633)
 [0.000294965,0.000305233)
 [0.000294316,0.000349014)
 [0.000293723,0.00030891)
 [0.000293221,0.000327961)
 [0.000291291,0.000318966)
 [0.000290335,0.000369445)
 [0.000290113,0.000291907)
 [0.000288348,0.000355097)
 [0.000282791,0.000310893)
 [0.000281103,0.000294816)
 [0.000275606,0.000304896)
 [0.000275124,0.000312734)
 [0.000274946,0.000284079)
 [0.000272674,0.00030289)
 [0.000271774,0.000289631)
 [0.000270183,0.000318867)
 [0.000269935,0.000289071)
 [0.000267515,0.000334792)
 [0.000266098,0.000294518)
 [0.000265445,0.000292425)
 [0.000264961,0.000276371)
 [0.00026281,0.000263017)
 [0.000259594,0.000273162)
 [0.000259293,0.00040512)
 [0.00025611,0.000269575)
 [0.000256026,0.000277865)
 [0.000255949,0.000256005)
 [0.000254658,0.000284207)
 [0.000253585,0.000286972)
 [0.000253533,0.000301528)
 [0.000252115,0.000315879)
 [0.000251988,0.000310198)
 [0.000251279,0.000271025)
 [0.000251027,0.000318609)
 [0.000241384,0.000258304)
 [0.000240959,0.000252802)
 [0.00024021,0.000276887)
 [0.000236264,0.000255392)
 [0.000235241,0.000237547)
 [0.000234522,0.000271015)
 [0.000234507,0.000287166)
 [0.000232438,0.000237228)
 [0.000231879,0.000284593)
 [0.000231454,0.000232174)
 [0.00023082,0.00024031)
 [0.000230532,0.000276856)
 [0.00023018,0.000252322)
 [0.000229528,0.00028645)
 [0.000227783,0.000266396)
 [0.000227744,0.000228914)
 [0.000227574,0.00025763)
 [0.000227142,0.000276548)
 [0.000225571,0.000245861)
 [0.000225234,0.000229971)
 [0.000222445,0.000324962)
 [0.00022221,0.000242134)
 [0.000221795,0.000244528)
 [0.000220719,0.000239248)
 [0.000220226,0.000235989)
 [0.000220097,0.000268394)
 [0.000218665,0.000266927)
 [0.000217791,0.000302721)
 [0.00021758,0.000238226)
 [0.000216967,0.000242928)
 [0.000215835,0.000244749)
 [0.000215042,0.000261058)
 [0.000214009,0.000224163)
 [0.000211718,0.000246139)
 [0.000211663,0.000249417)
 [0.000211544,0.000221193)
 [0.00021047,0.000221431)
 [0.000209347,0.000215931)
 [0.000209238,0.000305047)
 [0.000209086,0.000244709)
 [0.000208123,0.000208926)
 [0.000207798,0.000265516)
 [0.000207238,0.000225448)
 [0.000206968,0.000245594)
 [0.000205766,0.000221151)
 [0.000205706,0.000208347)
 [0.000204669,0.000232135)
 [0.000204553,0.000264429)
 [0.000202446,0.000213647)
 [0.000201328,0.0002175)
 [0.00020111,0.000201281)
 [0.000201012,0.000203031)
 [0.000199871,0.000255223)
 [0.000199669,0.000215655)
 [0.000199172,0.000204611)
 [0.000198884,0.000202239)
 [0.000198614,0.000243913)
 [0.000198556,0.000278272)
 [0.000198498,0.000268871)
 [0.000198387,0.000261311)
 [0.000198246,0.000230109)
 [0.00019685,0.000265323)
 [0.000196038,0.000219547)
 [0.000195275,0.000199023)
 [0.000194397,0.000208559)
 [0.000194035,0.000209049)
 [0.000193083,0.00027502)
 [0.000192922,0.000193613)
 [0.000191704,0.000223477)
 [0.000191678,0.000213982)
 [0.000191358,0.000204836)
 [0.000191326,0.000192642)
 [0.000190857,0.000196332)
 [0.000190519,0.000208538)
 [0.000190236,0.000258994)
 [0.000188321,0.000236204)
 [0.00018737,0.00019779)
 [0.000187201,0.000190466)
 [0.000186555,0.000222287)
 [0.000186422,0.000187388)
 [0.000186134,0.000188329)
 [0.000185952,0.000188729)
 [0.000185044,0.00019146)
 [0.000184969,0.00028861)
 [0.000184921,0.000246321)
 [0.000184462,0.000273697)
 [0.000183696,0.000207639)
 [0.000182457,0.00019793)
 [0.00018174,0.000243744)
 [0.000181241,0.000186046)
 [0.000180344,0.000185823)
 [0.000179387,0.000186841)
 [0.000178879,0.000202144)
 [0.000178375,0.000187651)
 [0.000178263,0.000206705)
 [0.000178104,0.000207057)
 [0.00017748,0.000183395)
 [0.000177115,0.000253299)
 [0.000176955,0.000185782)
 [0.000176405,0.00017958)
 [0.000176176,0.000188229)
 [0.000176072,0.000216343)
 [0.000175627,0.000183213)
 [0.000175598,0.000207305)
 [0.000175425,0.000206254)
 [0.000173978,0.000212858)
 [0.000173814,0.000204515)
 [0.00017346,0.000192812)
 [0.000173277,0.000185691)
 [0.000172818,0.000179328)
 [0.000171973,0.00019619)
 [0.000171339,0.000231505)
 [0.000170414,0.000175743)
 [0.000170328,0.000207771)
 [0.000166115,0.000190582)
 [0.000165496,0.000175387)
 [0.000165269,0.000186078)
 [0.000164844,0.000181302)
 [0.000164725,0.000183056)
 [0.000164346,0.000190118)
 [0.000163298,0.000178977)
 [0.000162222,0.000164126)
 [0.000161918,0.000164243)
 [0.000160318,0.000208262)
 [0.000159079,0.000187858)
 [0.000159065,0.000217921)
 [0.000158868,0.000176627)
 [0.0001577,0.000165498)
 [0.000157646,0.00020366)
 [0.000157419,0.000163397)
 [0.000157127,0.000159423)
 [0.000157053,0.000173857)
 [0.000156924,0.000209536)
 [0.000155855,0.000219657)
 [0.000155838,0.000163572)
 [0.000155804,0.000188589)
 [0.000155513,0.000224831)
 [0.000154615,0.000179783)
 [0.000154207,0.00021986)
 [0.000153913,0.000187293)
 [0.000153234,0.000154492)
 [0.000153061,0.000159528)
 [0.000152482,0.000169344)
 [0.000152152,0.000187643)
 [0.000151719,0.00015988)
 [0.000150566,0.000153588)
 [0.000150148,0.000161711)
 [0.000149924,0.000155495)
 [0.000149783,0.000168081)
 [0.000149765,0.000168102)
 [0.00014848,0.000158583)
 [0.000148076,0.000151414)
 [0.0001474,0.000152239)
 [0.000146795,0.000158556)
 [0.000146617,0.000169767)
 [0.000145374,0.000170893)
 [0.000145119,0.000228637)
 [0.000143431,0.000179848)
 [0.000143308,0.000173548)
 [0.000139372,0.00017117)
 [0.000139358,0.00017203)
 [0.000139015,0.000168363)
 [0.000138435,0.000144101)
 [0.000138282,0.00016239)
 [0.00013603,0.000142523)
 [0.00013598,0.000149312)
 [0.000134176,0.000148181)
 [0.000134063,0.000136211)
 [0.000132319,0.000152486)
 [0.00013208,0.000138741)
 [0.000132018,0.000138341)
 [0.000131607,0.000189513)
 [0.000130714,0.000153496)
 [0.000129483,0.00016109)
 [0.000128294,0.000128442)
 [0.000126431,0.000131585)
 [0.000121216,0.000150899)
 [0.000108062,0.000116932)
 [9.91416e-05,9.96426e-05)
 [9.73169e-05,0.000139341)
