persistence intervals in dim 1:
 [0.00827893,0.00923814)
 [0.00818922,0.00893267)
 [0.00609251,0.00615536)
 [0.0055849,0.00578461)
 [0.00479358,0.00510044)
 [0.00426299,0.00525809)
 [0.00423326,0.00619414)
 [0.00408092,0.00432861)
 [0.00357431,0.00419741)
 [0.00326614,0.00362054)
 [0.0032072,0.00323867)
 [0.00303358,0.0033353)
 [0.00293841,0.00322784)
 [0.00281334,0.00287972)
 [0.0025183,0.00274507)
 [0.00237836,0.00240957)
 [0.00228336,0.00263536)
 [0.00217989,0.00218971)
 [0.00215871,0.0027826)
 [0.00211985,0.00215764)
 [0.00208559,0.00222813)
 [0.00204291,0.00223974)
 [0.00195284,0.00217417)
 [0.00192957,0.00250822)
 [0.00190335,0.00194144)
 [0.0018562,0.00228253)
 [0.00176147,0.00178952)
 [0.00173752,0.00193293)
 [0.00167292,0.00201107)
 [0.00151332,0.00187835)
 [0.00149803,0.00176795)
 [0.00147464,0.00157635)
 [0.00141558,0.00170497)
 [0.00139997,0.00160272)
 [0.00137663,0.0014269)
 [0.00136814,0.00158682)
 [0.00124098,0.00142106)
 [0.00122362,0.00149861)
 [0.00115428,0.00139938)
 [0.00103076,0.0010317)
 [0.00102595,0.00139861)
 [0.00102554,0.00115516)
 [0.00091993,0.000934224)
 [0.000871176,0.00105763)
 [0.000860965,0.000875634)
 [0.000832015,0.000982513)
 [0.000820853,0.000976758)
 [0.000808638,0.000894492)
 [0.000787278,0.000841002)
 [0.000722203,0.000787004)
 [0.000696369,0.000778264)
 [0.00063085,0.000633252)
 [0.000599909,0.000613137)
 [0.000580467,0.000624492)
 [0.00057214,0.000601965)
 [0.000517761,0.000546324)
 [0.000497821,0.0005519)
 [0.000428862,0.000493497)
 [0.000410322,0.000456187)
 [0.000388961,0.000432246)
 [0.000372265,0.000374835)
 [0.000340168,0.000370168)
 [0.000328758,0.000377663)
 [0.000302,0.000332497)
 [0.000295476,0.000345504)
 [0.000281736,0.000292391)
 [0.000280216,0.000287746)
 [0.000271065,0.000278098)
 [0.000270959,0.00028841)
 [0.000267435,0.000316052)
 [0.000245374,0.000250763)
 [0.000238061,0.000324822)
 [0.00022445,0.000244477)
 [0.000217087,0.000228853)
 [0.000209432,0.000215329)
 [0.000209232,0.000209862)
 [0.000205018,0.0002193)
 [0.000204637,0.000235047)
 [0.000199484,0.000226605)
 [0.000194352,0.000230175)
 [0.000191354,0.000203916)
 [0.000177432,0.000220847)
 [0.000174317,0.000180361)
 [0.00017352,0.000199733)
 [0.000165617,0.000200086)
 [0.000163884,0.000182851)
 [0.000162472,0.000211114)
 [0.000162209,0.000195872)
 [0.000162017,0.000185626)
 [0.000160965,0.000194958)
 [0.000155778,0.000162855)
 [0.000154457,0.00019139)
 [0.000153391,0.000163383)
 [0.000151963,0.000164253)
 [0.000147773,0.000155926)
 [0.000145234,0.000150883)
 [0.000141396,0.000153745)
 [0.000140698,0.000156439)
 [0.000138398,0.00014588)
 [0.000132606,0.000138163)
 [0.000132357,0.000167804)
 [0.000129391,0.000132516)
 [0.00012833,0.000129081)
 [0.000127304,0.000134946)
 [0.000125276,0.000142314)
 [0.000117483,0.000121765)
 [0.000116488,0.00013226)
 [0.000115591,0.000129666)
 [0.000114966,0.000116405)
 [0.000114551,0.000139575)
 [0.000108816,0.000110675)
 [0.000108354,0.000109622)
 [0.000107999,0.000135952)
 [0.000106678,0.000113711)
 [0.000104829,0.000110675)
 [0.000103966,0.000111305)
 [5.67275e-05,5.91097e-05)
