persistence intervals in dim 1:
 [0.0077016,0.00814754)
 [0.000715295,0.000717446)
 [0.000627332,0.000754989)
 [0.000390011,0.00042994)
 [0.000306481,0.000395832)
 [0.00029285,0.000333397)
 [0.000287962,0.000302895)
 [0.000270824,0.000303613)
 [0.000261734,0.000269896)
 [0.000246933,0.000283856)
 [0.000241482,0.000282393)
 [0.000240734,0.00024668)
 [0.000239042,0.00025101)
 [0.000237668,0.000285965)
 [0.000235844,0.000256646)
 [0.000230861,0.000269627)
 [0.000227186,0.000318937)
 [0.000226128,0.000265953)
 [0.00022571,0.000291562)
 [0.000225171,0.000268448)
 [0.00022377,0.000227522)
 [0.000219594,0.000227847)
 [0.000215821,0.000220729)
 [0.000212117,0.000222346)
 [0.000211474,0.000224313)
 [0.000206594,0.000224166)
 [0.000204191,0.000257112)
 [0.00020414,0.0002099)
 [0.000203267,0.000212661)
 [0.000202405,0.000215364)
 [0.000199213,0.000222881)
 [0.000192294,0.000201368)
 [0.000188948,0.000196876)
 [0.000185181,0.000218614)
 [0.000183393,0.000186038)
 [0.0001814,0.000182239)
 [0.000176199,0.000187973)
 [0.000175699,0.000182923)
 [0.000172959,0.00018211)
 [0.000169622,0.000188404)
 [0.000167347,0.000192969)
 [0.000166123,0.000196168)
 [0.000165799,0.000210043)
 [0.000160617,0.000192276)
 [0.000160256,0.000189856)
 [0.000159339,0.000170909)
 [0.000156835,0.000194705)
 [0.000155624,0.000172916)
 [0.000155621,0.000179833)
 [0.000153838,0.000200444)
 [0.000152859,0.000157462)
 [0.000152843,0.000201507)
 [0.000151226,0.000153432)
 [0.000151172,0.000164113)
 [0.000150871,0.000157025)
 [0.00014676,0.000150216)
 [0.000145465,0.000151003)
 [0.000144865,0.000154587)
 [0.000144256,0.000178913)
 [0.000143896,0.000156672)
 [0.000141329,0.000147636)
 [0.000141086,0.000154484)
 [0.000139922,0.000176809)
 [0.000139274,0.000156045)
 [0.000139219,0.000158789)
 [0.000136077,0.00015053)
 [0.000135783,0.000144326)
 [0.000135015,0.000158182)
 [0.000132744,0.000145151)
 [0.000131902,0.000140392)
 [0.000131355,0.000167434)
 [0.000130003,0.000131404)
 [0.00012874,0.00014)
 [0.000126886,0.000136126)
 [0.000122042,0.000126465)
 [0.000121447,0.000126465)
 [0.000120855,0.000127597)
 [0.000120076,0.000131248)
 [0.000118233,0.000146113)
 [0.000116954,0.000125687)
 [0.000116727,0.000152162)
 [0.000115944,0.000134053)
 [0.000115607,0.000117788)
 [0.000115017,0.000131988)
 [0.000114408,0.000129715)
 [0.000113433,0.00013614)
 [0.000112472,0.000114289)
 [0.000110807,0.000122813)
 [0.000110027,0.000125423)
 [0.000104241,0.000123557)
 [0.000103218,0.00012214)
 [0.000102947,0.000116632)
 [0.00010248,0.000117958)
 [0.000101494,0.000107676)
 [0.000100821,0.000116675)
 [0.000100787,0.000109078)
 [9.87366e-05,0.00010374)
 [9.77443e-05,9.99596e-05)
 [9.57554e-05,0.000112477)
 [9.40697e-05,9.97801e-05)
 [9.3818e-05,0.000104527)
 [9.36266e-05,0.000103058)
 [8.99945e-05,0.00010329)
 [8.87288e-05,0.000101631)
 [8.75949e-05,0.000115043)
 [8.54805e-05,9.04101e-05)
 [8.4439e-05,9.73088e-05)
 [8.41425e-05,8.46942e-05)
 [8.40768e-05,8.48119e-05)
 [8.26863e-05,9.33857e-05)
 [8.16516e-05,8.19084e-05)
 [8.09629e-05,8.37326e-05)
 [8.01189e-05,8.07465e-05)
 [7.93469e-05,8.50233e-05)
 [7.84603e-05,9.42443e-05)
 [7.74401e-05,7.8829e-05)
 [7.43298e-05,7.74194e-05)
 [7.36619e-05,7.43108e-05)
 [7.33621e-05,7.73954e-05)
 [7.29723e-05,8.31437e-05)
 [7.27378e-05,7.91777e-05)
 [7.25321e-05,8.76981e-05)
 [7.15896e-05,7.36819e-05)
 [7.08381e-05,8.37326e-05)
 [7.04126e-05,7.69476e-05)
 [6.94334e-05,7.28083e-05)
 [6.84466e-05,6.93182e-05)
 [6.80073e-05,7.8829e-05)
 [6.74832e-05,9.18582e-05)
 [6.60153e-05,6.73059e-05)
 [6.51534e-05,7.52929e-05)
 [6.46995e-05,6.59089e-05)
 [6.44361e-05,6.64909e-05)
 [6.35692e-05,6.69776e-05)
 [5.92107e-05,6.14895e-05)
 [5.87282e-05,6.62949e-05)
 [4.42379e-05,4.46427e-05)
 [4.31164e-05,4.48334e-05)
 [4.06577e-05,4.06692e-05)
 [3.99114e-05,4.16293e-05)
 [2.51604e-05,2.63254e-05)
