persistence intervals in dim 1:
 [0.0421239,0.0438079)
 [0.0283289,0.0293848)
 [0.0188488,0.0192193)
 [0.0170542,0.0180112)
 [0.015259,0.0154549)
 [0.0147696,0.0153638)
 [0.0138775,0.0146082)
 [0.0138005,0.0138602)
 [0.0137466,0.0151351)
 [0.0134726,0.0150669)
 [0.0131518,0.0143653)
 [0.012299,0.013413)
 [0.0122266,0.0122833)
 [0.0121336,0.0126826)
 [0.0114754,0.012371)
 [0.0111511,0.0114436)
 [0.0100413,0.0106428)
 [0.00973052,0.0109622)
 [0.00969439,0.00981486)
 [0.00963093,0.0101255)
 [0.0096197,0.0103376)
 [0.00879396,0.009437)
 [0.00839106,0.0088442)
 [0.00817238,0.0105064)
 [0.0078195,0.00831062)
 [0.00773758,0.00837025)
 [0.00764286,0.00770092)
 [0.00762266,0.00824063)
 [0.00745936,0.00782163)
 [0.00744862,0.00826798)
 [0.00743076,0.00752629)
 [0.00740657,0.0106093)
 [0.00739997,0.0074421)
 [0.00731008,0.00805807)
 [0.00717124,0.00732213)
 [0.00696846,0.00780467)
 [0.00690144,0.00792508)
 [0.00653551,0.00679751)
 [0.0065245,0.00655915)
 [0.00649238,0.00665456)
 [0.00639023,0.00709966)
 [0.00616075,0.00670254)
 [0.00614348,0.0068126)
 [0.00606836,0.00634279)
 [0.0060649,0.00628698)
 [0.00604076,0.00711015)
 [0.0059905,0.00710561)
 [0.00590654,0.00717203)
 [0.0057867,0.00662143)
 [0.00558324,0.00687515)
 [0.00557241,0.00564738)
 [0.00552594,0.00624157)
 [0.00543935,0.00739985)
 [0.00542748,0.00562701)
 [0.00532549,0.00646242)
 [0.00531069,0.00535124)
 [0.00517284,0.0053243)
 [0.00515009,0.00536088)
 [0.00492555,0.00548755)
 [0.00485712,0.00598851)
 [0.00464938,0.00467305)
 [0.00464628,0.00490689)
 [0.00462371,0.00554598)
 [0.0045861,0.00508746)
 [0.00456981,0.0051439)
 [0.00446375,0.00509018)
 [0.00443405,0.0060312)
 [0.00435474,0.0049919)
 [0.00431234,0.00468987)
 [0.00424713,0.00502182)
 [0.00407683,0.00452353)
 [0.00400135,0.00420257)
 [0.00391379,0.00424133)
 [0.00386829,0.00481275)
 [0.00381304,0.00444101)
 [0.00355944,0.00419233)
 [0.00354379,0.00357269)
 [0.0033104,0.00432935)
 [0.00325221,0.00331672)
 [0.00323826,0.00335733)
 [0.00315607,0.00328686)
 [0.0031023,0.00314963)
 [0.0029236,0.00312121)
 [0.00286334,0.00340595)
 [0.00262516,0.00267531)
 [0.00261739,0.0027763)
 [0.00254456,0.0026646)
 [0.00250167,0.00258764)
 [0.0024007,0.00245221)
 [0.00238895,0.00287562)
 [0.00232807,0.00281875)
 [0.00225072,0.002251)
 [0.00221068,0.00244136)
 [0.00216421,0.00222748)
 [0.00214249,0.0022782)
 [0.00197708,0.00215617)
 [0.00197645,0.0020754)
 [0.00196787,0.0020545)
 [0.00190508,0.00223262)
 [0.0018426,0.00190129)
 [0.00183303,0.00208875)
 [0.00179453,0.00196828)
 [0.00179246,0.00182641)
 [0.00172467,0.00180884)
 [0.00172438,0.00173321)
 [0.00172104,0.00172745)
 [0.00172028,0.00178156)
 [0.0016793,0.00178156)
 [0.00167912,0.00228678)
 [0.00161166,0.00170855)
 [0.00160578,0.00162416)
 [0.00159533,0.0017477)
 [0.00157958,0.00172549)
 [0.00157274,0.00169659)
 [0.00154087,0.00168316)
 [0.00152831,0.0015496)
 [0.00152451,0.00170084)
 [0.00152182,0.00156887)
 [0.00148106,0.00168752)
 [0.00146151,0.00150893)
 [0.00142486,0.00145251)
 [0.00136475,0.00147885)
 [0.00132929,0.00140431)
 [0.0013233,0.00156487)
 [0.00130136,0.00131613)
 [0.00123927,0.00133125)
 [0.00123765,0.00126625)
 [0.00121841,0.00126238)
 [0.0011983,0.00146934)
 [0.00113131,0.00140021)
 [0.00111562,0.00119366)
 [0.00111522,0.0015164)
 [0.00111193,0.0014501)
 [0.00110501,0.00112241)
 [0.00109104,0.00130369)
 [0.00105977,0.0013034)
 [0.00105464,0.00108522)
 [0.00103033,0.00118909)
 [0.00102059,0.00102852)
 [0.00097855,0.00116514)
 [0.000951637,0.000967509)
 [0.000657271,0.000739662)
 [0.000601713,0.000647868)
