persistence intervals in dim 1:
 [0.00278868,0.00307926)
 [0.00270036,0.00276926)
 [0.00247616,0.00262289)
 [0.00238798,0.00245663)
 [0.00235805,0.00267972)
 [0.00221182,0.00240869)
 [0.00217031,0.00253149)
 [0.0021457,0.00228306)
 [0.00201043,0.00245028)
 [0.00199268,0.0021021)
 [0.00193747,0.00202803)
 [0.0019308,0.00215168)
 [0.0018923,0.00202535)
 [0.00187239,0.00187377)
 [0.00170855,0.00186514)
 [0.00166847,0.0017362)
 [0.00156865,0.00182761)
 [0.00155579,0.00171648)
 [0.00152563,0.00164649)
 [0.00150531,0.00163302)
 [0.00150431,0.00159269)
 [0.00146497,0.00150737)
 [0.00144263,0.00150415)
 [0.00138999,0.00158007)
 [0.0013344,0.00160917)
 [0.00130016,0.00137448)
 [0.00128302,0.0014929)
 [0.00127779,0.00138727)
 [0.00127089,0.00141915)
 [0.00126913,0.00128846)
 [0.00124975,0.00127468)
 [0.00124583,0.0012602)
 [0.00121965,0.00127479)
 [0.00121211,0.00124213)
 [0.0011853,0.0012514)
 [0.00117377,0.00118915)
 [0.00116993,0.00133227)
 [0.00116427,0.00124876)
 [0.00115928,0.00119995)
 [0.0011476,0.00120944)
 [0.00114513,0.00120769)
 [0.00114478,0.00126588)
 [0.00113495,0.00117596)
 [0.00112403,0.00128181)
 [0.00109103,0.0011356)
 [0.00108844,0.00112049)
 [0.00106045,0.00108034)
 [0.00105374,0.00116556)
 [0.00105238,0.00140255)
 [0.00104379,0.00110918)
 [0.0010376,0.00146463)
 [0.0010019,0.00100293)
 [0.000965677,0.00101999)
 [0.000958503,0.00105694)
 [0.000958314,0.00118821)
 [0.000953288,0.00113292)
 [0.00094692,0.000948625)
 [0.000943336,0.00104602)
 [0.000942283,0.000961217)
 [0.000918299,0.000924707)
 [0.00088338,0.000886166)
 [0.000869127,0.000884156)
 [0.00086634,0.000944365)
 [0.000865161,0.000889365)
 [0.00086391,0.000957156)
 [0.000861569,0.00104631)
 [0.000852684,0.000902557)
 [0.000846071,0.000855915)
 [0.000826877,0.000875009)
 [0.000822488,0.000822719)
 [0.000820197,0.000821603)
 [0.000816836,0.000910888)
 [0.00081584,0.000857719)
 [0.000807828,0.000900482)
 [0.000795329,0.000944636)
 [0.000794131,0.000838557)
 [0.000794092,0.000846325)
 [0.000790523,0.000865143)
 [0.000790333,0.00105719)
 [0.000785612,0.000890608)
 [0.000783291,0.000847041)
 [0.00076127,0.00116133)
 [0.000761016,0.000997955)
 [0.000760847,0.000761032)
 [0.000751485,0.000839475)
 [0.000749383,0.000814473)
 [0.000745619,0.000958627)
 [0.000745047,0.000820498)
 [0.00073401,0.000926982)
 [0.000728737,0.00088702)
 [0.000726772,0.000990126)
 [0.000726441,0.000741281)
 [0.000722069,0.000755383)
 [0.00071918,0.000983048)
 [0.000709783,0.000738747)
 [0.000704886,0.000772307)
 [0.000699964,0.000863602)
 [0.000694082,0.000934131)
 [0.000690025,0.000836006)
 [0.000689324,0.000703636)
 [0.000685239,0.000734184)
 [0.000680887,0.000811287)
 [0.000670613,0.000737206)
 [0.000662561,0.000680724)
 [0.000661946,0.000728902)
 [0.000660958,0.000689457)
 [0.000659952,0.000952851)
 [0.000659419,0.000893908)
 [0.000659351,0.000748412)
 [0.000654192,0.000673516)
 [0.000650864,0.000738351)
 [0.00064893,0.000842255)
 [0.00064725,0.000661963)
 [0.000639376,0.000664793)
 [0.00063814,0.000862998)
 [0.000634939,0.000682836)
 [0.000633414,0.000678486)
 [0.000627289,0.000717241)
 [0.000626557,0.000641829)
 [0.000621487,0.000696595)
 [0.000620155,0.000666287)
 [0.000617628,0.000629259)
 [0.000617316,0.000668657)
 [0.000614673,0.000660057)
 [0.000614148,0.000713264)
 [0.000610504,0.000621288)
 [0.000606045,0.000695771)
 [0.000602418,0.000659126)
 [0.00059885,0.000664194)
 [0.000594857,0.000600251)
 [0.000594531,0.000647599)
 [0.0005879,0.000656415)
 [0.000587329,0.000628356)
 [0.000586676,0.000748542)
 [0.000586126,0.000592166)
 [0.00058133,0.000669525)
 [0.000579186,0.000621375)
 [0.00057659,0.000625152)
 [0.000574742,0.000581631)
 [0.000569765,0.000577694)
 [0.000567981,0.000642857)
 [0.000567532,0.000770883)
 [0.00056308,0.000582245)
 [0.000559816,0.000622026)
 [0.000559734,0.00059571)
 [0.000556153,0.000567316)
 [0.000550383,0.000585414)
 [0.000546947,0.000693708)
 [0.000543829,0.000630499)
 [0.000536576,0.000556931)
 [0.000533662,0.000553587)
 [0.000518045,0.000568086)
 [0.000516743,0.000708797)
 [0.000516399,0.000617062)
 [0.00049316,0.000526493)
 [0.000467158,0.000569941)
 [0.000467034,0.000608362)
 [0.00046676,0.000503289)
 [0.000459848,0.000487)
 [0.000454046,0.000456956)
 [0.000446901,0.000582239)
 [0.000443655,0.00050303)
 [0.000442859,0.00056772)
 [0.000441103,0.000445174)
 [0.000439156,0.000469201)
 [0.000436801,0.000464664)
 [0.000434137,0.000481753)
 [0.000430372,0.000466179)
 [0.000429417,0.000457837)
 [0.000395843,0.000447786)
 [0.000353361,0.00037075)
 [0.000333836,0.000346032)
