persistence intervals in dim 1:
 [0.00103196,0.00105642)
 [0.00090706,0.00100795)
 [0.00070507,0.00076308)
 [0.0006726,0.000710141)
 [0.000593375,0.000702416)
 [0.000496941,0.000556758)
 [0.000439388,0.000490375)
 [0.000378752,0.000401781)
 [0.000375953,0.000421925)
 [0.000365495,0.000416445)
 [0.000303622,0.000316136)
 [0.000303218,0.000336432)
 [0.00030152,0.000320379)
 [0.000298353,0.000314181)
 [0.000292885,0.000310243)
 [0.000291328,0.000306676)
 [0.000289691,0.000341978)
 [0.000289671,0.000314086)
 [0.000260594,0.000273585)
 [0.000256215,0.000289817)
 [0.00024576,0.000281235)
 [0.00024167,0.000244661)
 [0.000240072,0.000247313)
 [0.000230479,0.000235512)
 [0.000230327,0.000232131)
 [0.000227906,0.000245081)
 [0.0002253,0.000259245)
 [0.000215353,0.000234201)
 [0.000214538,0.000215569)
 [0.00020663,0.000211551)
 [0.000204889,0.000236158)
 [0.000203778,0.000221228)
 [0.000202033,0.000208162)
 [0.000199873,0.000211041)
 [0.000194868,0.000239437)
 [0.000193383,0.000201167)
 [0.000192836,0.00020421)
 [0.000191816,0.000195088)
 [0.000189765,0.00022352)
 [0.000188311,0.000254314)
 [0.000187431,0.000197912)
 [0.000186644,0.000232419)
 [0.000186607,0.000187086)
 [0.000185933,0.000229514)
 [0.00018308,0.000223794)
 [0.000178998,0.000185429)
 [0.000178602,0.000204846)
 [0.000177361,0.000180811)
 [0.000176448,0.00018121)
 [0.000171945,0.0001991)
 [0.000171066,0.000172841)
 [0.000170953,0.000182401)
 [0.000170909,0.000173438)
 [0.000170898,0.000191272)
 [0.000170461,0.000183306)
 [0.000169885,0.000170851)
 [0.000168668,0.000172467)
 [0.000168371,0.000216488)
 [0.000167801,0.000192281)
 [0.000165731,0.000167218)
 [0.000164664,0.000176212)
 [0.000163219,0.000169122)
 [0.000162339,0.000197539)
 [0.000159514,0.000187339)
 [0.000158647,0.000188185)
 [0.000157736,0.000178372)
 [0.00015389,0.000176752)
 [0.000153886,0.000179267)
 [0.000153825,0.000169297)
 [0.000153304,0.000184379)
 [0.000149837,0.000161025)
 [0.000148692,0.000204281)
 [0.000148101,0.000152476)
 [0.000144807,0.000172362)
 [0.000144124,0.000149086)
 [0.000143753,0.000145814)
 [0.000143728,0.000169414)
 [0.000143147,0.000146705)
 [0.000142681,0.000156744)
 [0.00014195,0.000143324)
 [0.000141834,0.000145675)
 [0.000141675,0.000151595)
 [0.000139673,0.000142847)
 [0.000137687,0.000159021)
 [0.000136941,0.000136973)
 [0.000135783,0.000145581)
 [0.000135772,0.000160007)
 [0.000134989,0.000137572)
 [0.000134443,0.000144309)
 [0.00013415,0.000134699)
 [0.000133157,0.000161311)
 [0.000132574,0.000133121)
 [0.000130878,0.000141286)
 [0.000128274,0.000138376)
 [0.000128156,0.000131289)
 [0.000127992,0.000138716)
 [0.000127914,0.000133734)
 [0.000127173,0.000131415)
 [0.000126273,0.00015478)
 [0.000125798,0.000154016)
 [0.000125622,0.000141569)
 [0.000125156,0.000157444)
 [0.000124845,0.000133847)
 [0.000124632,0.000133458)
 [0.000123697,0.000134711)
 [0.000123268,0.000136592)
 [0.00012324,0.000125144)
 [0.000123033,0.000136971)
 [0.00012241,0.000143391)
 [0.000122107,0.000125224)
 [0.000121938,0.000126119)
 [0.000121379,0.000125928)
 [0.000120769,0.000134789)
 [0.000120474,0.000128414)
 [0.000120271,0.000169172)
 [0.000119147,0.000119444)
 [0.000118816,0.000135595)
 [0.000118233,0.000118747)
 [0.000117532,0.000126909)
 [0.000117384,0.000134645)
 [0.000117378,0.000122007)
 [0.000116949,0.000130879)
 [0.000116537,0.000121595)
 [0.00011649,0.000129506)
 [0.00011494,0.000123573)
 [0.000114764,0.000114913)
 [0.000114517,0.000116159)
 [0.000112932,0.000137844)
 [0.000111934,0.000137565)
 [0.000111897,0.000121302)
 [0.000111892,0.000114777)
 [0.000109972,0.000122418)
 [0.000109781,0.000118259)
 [0.000108542,0.00012204)
 [0.000108384,0.000145339)
 [0.00010787,0.000124631)
 [0.000107787,0.000147706)
 [0.000107606,0.00010867)
 [0.000107542,0.000123754)
 [0.000107452,0.000115265)
 [0.000107415,0.000112324)
 [0.000106944,0.000120055)
 [0.000106343,0.000106471)
 [0.000106235,0.000114896)
 [0.000105854,0.000118042)
 [0.000105613,0.000107813)
 [0.000104469,0.000121392)
 [0.000104294,0.000114316)
 [0.000104278,0.000105745)
 [0.000103528,0.000110948)
 [0.000103272,0.000107187)
 [0.000102399,0.000109165)
 [0.000102318,0.000107192)
 [0.000102265,0.000127017)
 [0.000102029,0.000104866)
 [0.000101906,0.000106836)
 [0.000101671,0.000105024)
 [0.000101138,0.000115121)
 [0.000101045,0.000102182)
 [0.000100945,0.000109411)
 [9.96441e-05,0.000100326)
 [9.92263e-05,0.000115738)
 [9.90444e-05,0.000106061)
 [9.68801e-05,0.000110967)
 [9.60568e-05,0.000111005)
 [9.59006e-05,9.83518e-05)
 [9.54728e-05,0.000111473)
 [9.54257e-05,9.61044e-05)
 [9.52108e-05,9.69429e-05)
 [9.50912e-05,0.000119591)
 [9.48317e-05,0.000107693)
 [9.47747e-05,0.000114396)
 [9.47679e-05,9.97639e-05)
 [9.43358e-05,0.00010202)
 [9.31073e-05,0.000105616)
 [9.30208e-05,9.795e-05)
 [9.2417e-05,0.000105284)
 [9.23723e-05,0.000120258)
 [9.14495e-05,9.76972e-05)
 [8.99495e-05,0.000130801)
 [8.94087e-05,0.000100126)
 [8.83343e-05,0.000114272)
 [8.74765e-05,9.41383e-05)
 [8.63768e-05,9.30689e-05)
 [8.58187e-05,8.90511e-05)
 [8.52108e-05,0.000105209)
 [8.51826e-05,0.000109225)
 [8.51531e-05,0.000128555)
 [8.47479e-05,8.89057e-05)
 [8.47408e-05,0.000106438)
 [8.46871e-05,9.41484e-05)
 [8.45099e-05,9.14164e-05)
 [8.43329e-05,0.000114743)
 [8.33505e-05,8.6765e-05)
 [8.21587e-05,8.42483e-05)
 [8.11473e-05,8.28604e-05)
 [8.02125e-05,8.10483e-05)
 [7.98307e-05,0.000105024)
 [7.9812e-05,9.55942e-05)
 [7.63858e-05,8.53048e-05)
 [7.59023e-05,9.45613e-05)
 [7.5598e-05,9.90203e-05)
 [7.40465e-05,7.46798e-05)
 [7.14284e-05,9.48358e-05)
 [7.00132e-05,8.53585e-05)
 [6.91741e-05,7.7419e-05)
 [6.80364e-05,7.48725e-05)
 [6.52234e-05,6.52463e-05)
 [6.36622e-05,6.85117e-05)
 [6.35453e-05,7.87399e-05)
 [6.34572e-05,6.41711e-05)
 [5.88205e-05,5.99157e-05)
 [5.76718e-05,6.70892e-05)
 [5.24409e-05,5.45987e-05)
 [5.03778e-05,5.69373e-05)
 [4.36926e-05,4.87229e-05)
