persistence intervals in dim 0:
 [0,4.17035e-05)
 [0,4.83773e-05)
 [0,8.53071e-05)
 [0,8.8945e-05)
 [0,9.58823e-05)
 [0,0.000112972)
 [0,0.000117956)
 [0,0.000132817)
 [0,0.000137614)
 [0,0.000141955)
 [0,0.000151578)
 [0,0.000159162)
 [0,0.000162046)
 [0,0.000165597)
 [0,0.000170693)
 [0,0.000179316)
 [0,0.000184972)
 [0,0.000186771)
 [0,0.000186827)
 [0,0.000189075)
 [0,0.000190449)
 [0,0.000195187)
 [0,0.000198276)
 [0,0.000198543)
 [0,0.000202136)
 [0,0.000202162)
 [0,0.00020249)
 [0,0.000202834)
 [0,0.000203417)
 [0,0.000207397)
 [0,0.000208595)
 [0,0.000211308)
 [0,0.000212712)
 [0,0.00021469)
 [0,0.000220621)
 [0,0.000222898)
 [0,0.000227937)
 [0,0.000228899)
 [0,0.000231193)
 [0,0.000231405)
 [0,0.000231634)
 [0,0.000232045)
 [0,0.000237997)
 [0,0.000241024)
 [0,0.000243581)
 [0,0.00024513)
 [0,0.000251369)
 [0,0.000258199)
 [0,0.000264009)
 [0,0.000266116)
 [0,0.000266133)
 [0,0.00026966)
 [0,0.000275603)
 [0,0.000275982)
 [0,0.00028232)
 [0,0.000283186)
 [0,0.000286457)
 [0,0.000286801)
 [0,0.000287249)
 [0,0.000290445)
 [0,0.000290952)
 [0,0.000291828)
 [0,0.000292113)
 [0,0.000292998)
 [0,0.000296113)
 [0,0.000299504)
 [0,0.000300461)
 [0,0.000304029)
 [0,0.000304559)
 [0,0.000305139)
 [0,0.000305549)
 [0,0.000305599)
 [0,0.000305662)
 [0,0.000306218)
 [0,0.000306246)
 [0,0.000306825)
 [0,0.000310278)
 [0,0.000310871)
 [0,0.00031261)
 [0,0.000313278)
 [0,0.000313468)
 [0,0.000313687)
 [0,0.000315)
 [0,0.000316476)
 [0,0.000318489)
 [0,0.000318954)
 [0,0.000320379)
 [0,0.000321074)
 [0,0.000322372)
 [0,0.000322849)
 [0,0.000323814)
 [0,0.000324032)
 [0,0.000327422)
 [0,0.000327453)
 [0,0.000330209)
 [0,0.000332838)
 [0,0.000332912)
 [0,0.000334548)
 [0,0.000337365)
 [0,0.000337871)
 [0,0.000338641)
 [0,0.000339013)
 [0,0.000341269)
 [0,0.000344105)
 [0,0.000346216)
 [0,0.000349568)
 [0,0.000350553)
 [0,0.000351625)
 [0,0.000354419)
 [0,0.000356434)
 [0,0.000356564)
 [0,0.000359742)
 [0,0.000360534)
 [0,0.000363442)
 [0,0.000363719)
 [0,0.000365451)
 [0,0.000368436)
 [0,0.000369175)
 [0,0.00037053)
 [0,0.000375714)
 [0,0.000375795)
 [0,0.000375816)
 [0,0.000376201)
 [0,0.000376578)
 [0,0.000376685)
 [0,0.000377481)
 [0,0.000379422)
 [0,0.000379917)
 [0,0.000381575)
 [0,0.000386575)
 [0,0.000387037)
 [0,0.000390033)
 [0,0.000390959)
 [0,0.00039118)
 [0,0.000391314)
 [0,0.000394879)
 [0,0.00039515)
 [0,0.000399649)
 [0,0.000399819)
 [0,0.000400161)
 [0,0.000403651)
 [0,0.000404193)
 [0,0.000404611)
 [0,0.000406857)
 [0,0.000407081)
 [0,0.000408177)
 [0,0.000409431)
 [0,0.000409593)
 [0,0.000409777)
 [0,0.000412309)
 [0,0.000413042)
 [0,0.000413261)
 [0,0.000414877)
 [0,0.000415227)
 [0,0.000417058)
 [0,0.000418045)
 [0,0.000419285)
 [0,0.000420173)
 [0,0.000421625)
 [0,0.000423645)
 [0,0.000425269)
 [0,0.000425722)
 [0,0.000425866)
 [0,0.000426414)
 [0,0.000427645)
 [0,0.000427705)
 [0,0.000430318)
 [0,0.000431058)
 [0,0.000433007)
 [0,0.000433126)
 [0,0.000434573)
 [0,0.000434661)
 [0,0.000436636)
 [0,0.000440417)
 [0,0.000443029)
 [0,0.000443139)
 [0,0.000443193)
 [0,0.000443316)
 [0,0.00044391)
 [0,0.000444983)
 [0,0.000446479)
 [0,0.000447006)
 [0,0.000449605)
 [0,0.000449611)
 [0,0.000450163)
 [0,0.000451348)
 [0,0.000453332)
 [0,0.000453757)
 [0,0.000454421)
 [0,0.000454514)
 [0,0.000455481)
 [0,0.000457733)
 [0,0.000459971)
 [0,0.00046059)
 [0,0.000461565)
 [0,0.000462435)
 [0,0.000463244)
 [0,0.000463297)
 [0,0.000463606)
 [0,0.000467134)
 [0,0.000467787)
 [0,0.000467826)
 [0,0.000469785)
 [0,0.000470369)
 [0,0.000475365)
 [0,0.000476853)
 [0,0.000477578)
 [0,0.000478329)
 [0,0.000478442)
 [0,0.00048036)
 [0,0.000480799)
 [0,0.000481307)
 [0,0.00048349)
 [0,0.000483813)
 [0,0.00048613)
 [0,0.00048637)
 [0,0.000486693)
 [0,0.000487136)
 [0,0.000487423)
 [0,0.000487873)
 [0,0.000490045)
 [0,0.00049354)
 [0,0.000493938)
 [0,0.000494099)
 [0,0.000494984)
 [0,0.00049913)
 [0,0.000499433)
 [0,0.000499778)
 [0,0.000499933)
 [0,0.000500753)
 [0,0.000500901)
 [0,0.000501058)
 [0,0.000502035)
 [0,0.000502184)
 [0,0.000504203)
 [0,0.000504207)
 [0,0.000505892)
 [0,0.000506075)
 [0,0.00050835)
 [0,0.000509096)
 [0,0.000509257)
 [0,0.000513422)
 [0,0.000513468)
 [0,0.000513597)
 [0,0.00051386)
 [0,0.000515649)
 [0,0.000516186)
 [0,0.000516248)
 [0,0.00051643)
 [0,0.000517163)
 [0,0.000518753)
 [0,0.000521254)
 [0,0.000522237)
 [0,0.000522345)
 [0,0.000522617)
 [0,0.000524851)
 [0,0.000526983)
 [0,0.000527177)
 [0,0.000527234)
 [0,0.000527553)
 [0,0.000528244)
 [0,0.000528363)
 [0,0.000529473)
 [0,0.000529757)
 [0,0.000530548)
 [0,0.000533221)
 [0,0.000534007)
 [0,0.000536733)
 [0,0.000538067)
 [0,0.000542709)
 [0,0.000542966)
 [0,0.000544537)
 [0,0.000545323)
 [0,0.000545803)
 [0,0.000547198)
 [0,0.000548166)
 [0,0.000548571)
 [0,0.000551043)
 [0,0.000553153)
 [0,0.000554767)
 [0,0.000554854)
 [0,0.000555071)
 [0,0.000555167)
 [0,0.000555631)
 [0,0.000556048)
 [0,0.00055663)
 [0,0.00056)
 [0,0.000560733)
 [0,0.000561801)
 [0,0.00056402)
 [0,0.000564163)
 [0,0.000564931)
 [0,0.000568736)
 [0,0.000568791)
 [0,0.000568884)
 [0,0.000569558)
 [0,0.000572001)
 [0,0.000572204)
 [0,0.000573481)
 [0,0.00057579)
 [0,0.000576226)
 [0,0.000578285)
 [0,0.000580361)
 [0,0.000581525)
 [0,0.000581704)
 [0,0.000582182)
 [0,0.000582441)
 [0,0.000582886)
 [0,0.000584113)
 [0,0.000586326)
 [0,0.000588428)
 [0,0.000588796)
 [0,0.000591608)
 [0,0.00059307)
 [0,0.000593313)
 [0,0.000593349)
 [0,0.000593986)
 [0,0.000594888)
 [0,0.000596472)
 [0,0.000597497)
 [0,0.000600032)
 [0,0.000603255)
 [0,0.000604806)
 [0,0.000605027)
 [0,0.000605899)
 [0,0.000607332)
 [0,0.000607461)
 [0,0.000607967)
 [0,0.000608129)
 [0,0.000608395)
 [0,0.000612104)
 [0,0.000614651)
 [0,0.000615616)
 [0,0.00061774)
 [0,0.000618624)
 [0,0.000618956)
 [0,0.000620462)
 [0,0.000620652)
 [0,0.000623815)
 [0,0.000623913)
 [0,0.000625284)
 [0,0.000626054)
 [0,0.000626106)
 [0,0.000626151)
 [0,0.000626732)
 [0,0.00062703)
 [0,0.000628083)
 [0,0.000628282)
 [0,0.000628893)
 [0,0.000629027)
 [0,0.00063005)
 [0,0.000630275)
 [0,0.000631877)
 [0,0.000632523)
 [0,0.000633208)
 [0,0.000636058)
 [0,0.000636409)
 [0,0.000637201)
 [0,0.00063861)
 [0,0.000639667)
 [0,0.00063998)
 [0,0.000640013)
 [0,0.000642493)
 [0,0.000643162)
 [0,0.000643205)
 [0,0.000644311)
 [0,0.000644316)
 [0,0.000644496)
 [0,0.000646695)
 [0,0.000648138)
 [0,0.000649113)
 [0,0.000650138)
 [0,0.000650439)
 [0,0.000652176)
 [0,0.000653543)
 [0,0.000653698)
 [0,0.000654645)
 [0,0.000654896)
 [0,0.000655051)
 [0,0.000657611)
 [0,0.000657946)
 [0,0.000658581)
 [0,0.000659628)
 [0,0.000662874)
 [0,0.000664497)
 [0,0.000665432)
 [0,0.00066576)
 [0,0.000667127)
 [0,0.000667452)
 [0,0.00066884)
 [0,0.000671323)
 [0,0.000672092)
 [0,0.000675311)
 [0,0.000677105)
 [0,0.000677591)
 [0,0.000678209)
 [0,0.000679792)
 [0,0.000679945)
 [0,0.000681021)
 [0,0.000681852)
 [0,0.000684325)
 [0,0.000686647)
 [0,0.000687181)
 [0,0.000687194)
 [0,0.000690273)
 [0,0.000692675)
 [0,0.000694069)
 [0,0.000694098)
 [0,0.00069477)
 [0,0.000696271)
 [0,0.000696572)
 [0,0.000697404)
 [0,0.000697454)
 [0,0.000698762)
 [0,0.000698996)
 [0,0.000700492)
 [0,0.000702)
 [0,0.000704523)
 [0,0.000705094)
 [0,0.000706729)
 [0,0.000707093)
 [0,0.000710697)
 [0,0.000711067)
 [0,0.000712253)
 [0,0.000712706)
 [0,0.000713808)
 [0,0.000714379)
 [0,0.000714891)
 [0,0.000715211)
 [0,0.000715909)
 [0,0.000717523)
 [0,0.000718339)
 [0,0.000718919)
 [0,0.000719871)
 [0,0.000719895)
 [0,0.000720791)
 [0,0.000722962)
 [0,0.000723985)
 [0,0.000724284)
 [0,0.000724384)
 [0,0.000724435)
 [0,0.000725154)
 [0,0.000727215)
 [0,0.000728133)
 [0,0.000728585)
 [0,0.000729728)
 [0,0.00073333)
 [0,0.000733473)
 [0,0.000734006)
 [0,0.000740164)
 [0,0.000740293)
 [0,0.000740665)
 [0,0.000740989)
 [0,0.000745534)
 [0,0.00074569)
 [0,0.000745838)
 [0,0.000746762)
 [0,0.000748687)
 [0,0.000751186)
 [0,0.000751238)
 [0,0.000753045)
 [0,0.000753238)
 [0,0.000754435)
 [0,0.000756144)
 [0,0.00075816)
 [0,0.000760162)
 [0,0.000761007)
 [0,0.000764717)
 [0,0.000765185)
 [0,0.000765791)
 [0,0.000766217)
 [0,0.000767431)
 [0,0.000767776)
 [0,0.000768549)
 [0,0.000769561)
 [0,0.000771286)
 [0,0.000771817)
 [0,0.000772663)
 [0,0.000773579)
 [0,0.000773812)
 [0,0.000774365)
 [0,0.000775764)
 [0,0.000775833)
 [0,0.000778712)
 [0,0.000778773)
 [0,0.000782568)
 [0,0.00078258)
 [0,0.000783116)
 [0,0.000784051)
 [0,0.000787301)
 [0,0.000788296)
 [0,0.000789243)
 [0,0.000789855)
 [0,0.000789956)
 [0,0.000790825)
 [0,0.000791085)
 [0,0.000791681)
 [0,0.000793716)
 [0,0.000794097)
 [0,0.000795196)
 [0,0.00079528)
 [0,0.000796349)
 [0,0.000796486)
 [0,0.000796758)
 [0,0.000797176)
 [0,0.000797634)
 [0,0.000798064)
 [0,0.000798082)
 [0,0.000798175)
 [0,0.000801513)
 [0,0.000802611)
 [0,0.000804556)
 [0,0.000804632)
 [0,0.000804851)
 [0,0.000805937)
 [0,0.00080616)
 [0,0.000807603)
 [0,0.000807815)
 [0,0.000809314)
 [0,0.000810785)
 [0,0.000810848)
 [0,0.000813464)
 [0,0.000813509)
 [0,0.000814112)
 [0,0.000817072)
 [0,0.000817275)
 [0,0.000817283)
 [0,0.000818267)
 [0,0.000818282)
 [0,0.000818444)
 [0,0.000820881)
 [0,0.000821753)
 [0,0.00082491)
 [0,0.000826688)
 [0,0.000827855)
 [0,0.000828447)
 [0,0.000828823)
 [0,0.000828837)
 [0,0.000831134)
 [0,0.000832873)
 [0,0.000835522)
 [0,0.00083665)
 [0,0.000839084)
 [0,0.000843481)
 [0,0.000843725)
 [0,0.000845313)
 [0,0.000847128)
 [0,0.000847815)
 [0,0.000852498)
 [0,0.000853315)
 [0,0.000855622)
 [0,0.000855789)
 [0,0.000857475)
 [0,0.000857774)
 [0,0.000858546)
 [0,0.000858693)
 [0,0.000860854)
 [0,0.000861524)
 [0,0.000863036)
 [0,0.000867106)
 [0,0.000869099)
 [0,0.000869567)
 [0,0.000876062)
 [0,0.000876133)
 [0,0.000877847)
 [0,0.0008806)
 [0,0.000881048)
 [0,0.000884569)
 [0,0.000884645)
 [0,0.000884851)
 [0,0.000886775)
 [0,0.000887689)
 [0,0.000888508)
 [0,0.000889531)
 [0,0.000890565)
 [0,0.000891139)
 [0,0.000893441)
 [0,0.000896092)
 [0,0.000897651)
 [0,0.000898569)
 [0,0.000902479)
 [0,0.000904196)
 [0,0.000907846)
 [0,0.000908191)
 [0,0.000908637)
 [0,0.000908706)
 [0,0.000908995)
 [0,0.000909794)
 [0,0.000913356)
 [0,0.000916884)
 [0,0.000920223)
 [0,0.00092189)
 [0,0.000925582)
 [0,0.000928516)
 [0,0.000931525)
 [0,0.000931724)
 [0,0.000933103)
 [0,0.000937676)
 [0,0.000938234)
 [0,0.000940087)
 [0,0.000940265)
 [0,0.000940716)
 [0,0.000941955)
 [0,0.000941965)
 [0,0.000945312)
 [0,0.000949181)
 [0,0.00094996)
 [0,0.000951788)
 [0,0.000953023)
 [0,0.000954612)
 [0,0.000954662)
 [0,0.000955007)
 [0,0.000956339)
 [0,0.00095899)
 [0,0.000959073)
 [0,0.000959133)
 [0,0.000961768)
 [0,0.000962358)
 [0,0.000964013)
 [0,0.000964086)
 [0,0.00096891)
 [0,0.000974049)
 [0,0.000976435)
 [0,0.000978283)
 [0,0.000978346)
 [0,0.000980122)
 [0,0.000980799)
 [0,0.000983436)
 [0,0.000983998)
 [0,0.00098446)
 [0,0.000991198)
 [0,0.000991441)
 [0,0.000994183)
 [0,0.000994195)
 [0,0.00099447)
 [0,0.000994981)
 [0,0.000998516)
 [0,0.000998549)
 [0,0.000999454)
 [0,0.00100058)
 [0,0.00100347)
 [0,0.0010046)
 [0,0.0010111)
 [0,0.00101249)
 [0,0.00101727)
 [0,0.00101843)
 [0,0.00102134)
 [0,0.00102525)
 [0,0.00102755)
 [0,0.00102848)
 [0,0.0010317)
 [0,0.00103183)
 [0,0.00103385)
 [0,0.00103469)
 [0,0.00103491)
 [0,0.00103604)
 [0,0.00103665)
 [0,0.00104771)
 [0,0.00105117)
 [0,0.00105328)
 [0,0.00106021)
 [0,0.00106118)
 [0,0.00106205)
 [0,0.00106709)
 [0,0.00106832)
 [0,0.00107047)
 [0,0.00107307)
 [0,0.00107629)
 [0,0.00107654)
 [0,0.00107886)
 [0,0.00108047)
 [0,0.00108131)
 [0,0.00108282)
 [0,0.001083)
 [0,0.00108364)
 [0,0.00108989)
 [0,0.00109276)
 [0,0.00109359)
 [0,0.00109481)
 [0,0.0010961)
 [0,0.00109615)
 [0,0.00109622)
 [0,0.00109794)
 [0,0.00109953)
 [0,0.00110152)
 [0,0.00110724)
 [0,0.00110849)
 [0,0.0011088)
 [0,0.00111391)
 [0,0.00111608)
 [0,0.001122)
 [0,0.0011223)
 [0,0.0011251)
 [0,0.00112661)
 [0,0.00112726)
 [0,0.00112979)
 [0,0.00113062)
 [0,0.00113225)
 [0,0.00113387)
 [0,0.00113968)
 [0,0.00113999)
 [0,0.00114196)
 [0,0.00114607)
 [0,0.00115096)
 [0,0.00115463)
 [0,0.00115483)
 [0,0.00116004)
 [0,0.00116052)
 [0,0.00116236)
 [0,0.00116268)
 [0,0.00117396)
 [0,0.00117564)
 [0,0.00117586)
 [0,0.00117657)
 [0,0.0011798)
 [0,0.00118097)
 [0,0.00118287)
 [0,0.00118599)
 [0,0.00118706)
 [0,0.00119094)
 [0,0.00119487)
 [0,0.00119528)
 [0,0.00119633)
 [0,0.00119718)
 [0,0.00119794)
 [0,0.00119794)
 [0,0.00120379)
 [0,0.00120759)
 [0,0.00121018)
 [0,0.0012106)
 [0,0.00121641)
 [0,0.00122216)
 [0,0.00122475)
 [0,0.0012315)
 [0,0.00123469)
 [0,0.00123633)
 [0,0.00123882)
 [0,0.00123984)
 [0,0.00124113)
 [0,0.00124128)
 [0,0.00124259)
 [0,0.00124599)
 [0,0.00124703)
 [0,0.00124878)
 [0,0.00124915)
 [0,0.00125217)
 [0,0.00125845)
 [0,0.0012586)
 [0,0.00127218)
 [0,0.00127237)
 [0,0.00128241)
 [0,0.00128308)
 [0,0.00129528)
 [0,0.00129798)
 [0,0.00129872)
 [0,0.0013175)
 [0,0.00133075)
 [0,0.00133381)
 [0,0.0013365)
 [0,0.0013374)
 [0,0.00133796)
 [0,0.00135611)
 [0,0.00136287)
 [0,0.00136359)
 [0,0.00136494)
 [0,0.00136692)
 [0,0.00136699)
 [0,0.00136727)
 [0,0.00136996)
 [0,0.00137234)
 [0,0.00138158)
 [0,0.00138296)
 [0,0.00138751)
 [0,0.00139216)
 [0,0.00139907)
 [0,0.00140166)
 [0,0.00141699)
 [0,0.00141744)
 [0,0.0014181)
 [0,0.00141937)
 [0,0.00142709)
 [0,0.0014292)
 [0,0.00142969)
 [0,0.00144384)
 [0,0.00144426)
 [0,0.00144821)
 [0,0.00145247)
 [0,0.00145985)
 [0,0.00146252)
 [0,0.00146938)
 [0,0.00147357)
 [0,0.00147982)
 [0,0.00148064)
 [0,0.00148824)
 [0,0.00149001)
 [0,0.00149227)
 [0,0.00149369)
 [0,0.0014949)
 [0,0.00149502)
 [0,0.00149952)
 [0,0.00149955)
 [0,0.0015035)
 [0,0.00150412)
 [0,0.00151359)
 [0,0.00151716)
 [0,0.00151919)
 [0,0.00152153)
 [0,0.00152579)
 [0,0.00152737)
 [0,0.00153307)
 [0,0.00153628)
 [0,0.00153781)
 [0,0.00154523)
 [0,0.00155495)
 [0,0.00156195)
 [0,0.001568)
 [0,0.00157815)
 [0,0.00159534)
 [0,0.00160595)
 [0,0.00160956)
 [0,0.00161103)
 [0,0.00161529)
 [0,0.00161761)
 [0,0.00162006)
 [0,0.00162167)
 [0,0.00162463)
 [0,0.0016293)
 [0,0.00163365)
 [0,0.00164928)
 [0,0.00165038)
 [0,0.00167856)
 [0,0.00169924)
 [0,0.00170706)
 [0,0.00172167)
 [0,0.00172519)
 [0,0.00172662)
 [0,0.00172872)
 [0,0.00172951)
 [0,0.00173044)
 [0,0.00174684)
 [0,0.00175257)
 [0,0.00177145)
 [0,0.00177383)
 [0,0.00178873)
 [0,0.0017957)
 [0,0.00181262)
 [0,0.00181347)
 [0,0.00181818)
 [0,0.00181877)
 [0,0.00182357)
 [0,0.00182616)
 [0,0.00183257)
 [0,0.00183518)
 [0,0.00183852)
 [0,0.00184981)
 [0,0.00185205)
 [0,0.0018528)
 [0,0.00185673)
 [0,0.00185932)
 [0,0.00186885)
 [0,0.00187423)
 [0,0.00188455)
 [0,0.00188737)
 [0,0.00189123)
 [0,0.00189583)
 [0,0.00189671)
 [0,0.00189875)
 [0,0.00190393)
 [0,0.00192631)
 [0,0.00193195)
 [0,0.00193667)
 [0,0.00194247)
 [0,0.00194755)
 [0,0.00194818)
 [0,0.00195154)
 [0,0.00195308)
 [0,0.00198108)
 [0,0.00198283)
 [0,0.0019862)
 [0,0.0019869)
 [0,0.00199766)
 [0,0.00201809)
 [0,0.00203297)
 [0,0.00205582)
 [0,0.00205912)
 [0,0.00207542)
 [0,0.00208196)
 [0,0.00209171)
 [0,0.00213599)
 [0,0.00213604)
 [0,0.00214987)
 [0,0.0021509)
 [0,0.00216308)
 [0,0.00219171)
 [0,0.00219504)
 [0,0.00219829)
 [0,0.002237)
 [0,0.00225036)
 [0,0.00225164)
 [0,0.00227015)
 [0,0.00227968)
 [0,0.00228802)
 [0,0.00229695)
 [0,0.00230253)
 [0,0.00232801)
 [0,0.00233831)
 [0,0.00234629)
 [0,0.00234911)
 [0,0.00236534)
 [0,0.00236705)
 [0,0.0023829)
 [0,0.00238502)
 [0,0.00240663)
 [0,0.00241062)
 [0,0.00242663)
 [0,0.0024364)
 [0,0.0024377)
 [0,0.00251564)
 [0,0.00254156)
 [0,0.00258838)
 [0,0.00259649)
 [0,0.00260748)
 [0,0.00262764)
 [0,0.00263514)
 [0,0.00265305)
 [0,0.00268811)
 [0,0.0026914)
 [0,0.00272015)
 [0,0.00272511)
 [0,0.00273388)
 [0,0.00276152)
 [0,0.00279565)
 [0,0.00284249)
 [0,0.00288776)
 [0,0.0028909)
 [0,0.00289355)
 [0,0.00292207)
 [0,0.00292533)
 [0,0.00294638)
 [0,0.00295044)
 [0,0.00295776)
 [0,0.00296896)
 [0,0.00297225)
 [0,0.00300808)
 [0,0.00301141)
 [0,0.00302674)
 [0,0.00305284)
 [0,0.00305575)
 [0,0.00306548)
 [0,0.00313166)
 [0,0.0031753)
 [0,0.00321867)
 [0,0.00327738)
 [0,0.00329697)
 [0,0.00329831)
 [0,0.00330165)
 [0,0.00336604)
 [0,0.00342091)
 [0,0.00344312)
 [0,0.00345284)
 [0,0.00345318)
 [0,0.00345538)
 [0,0.00347726)
 [0,0.00349638)
 [0,0.00357674)
 [0,0.00360575)
 [0,0.00362687)
 [0,0.00366543)
 [0,0.00369534)
 [0,0.00375943)
 [0,0.00377693)
 [0,0.00385416)
 [0,0.00391616)
 [0,0.00393948)
 [0,0.00396802)
 [0,0.00407431)
 [0,0.00408402)
 [0,0.00410651)
 [0,0.00418783)
 [0,0.00441965)
 [0,0.00447227)
 [0,0.00544098)
 [0,0.00544371)
 [0,0.00557652)
 [0,0.00560551)
 [0,0.00574133)
 [0,0.00582675)
 [0,0.00589781)
 [0,0.00591584)
 [0,0.00603541)
 [0,0.00622707)
 [0,0.00646002)
 [0,0.0065086)
 [0,0.00831049)
 [0,0.00858642)
 [0,0.0102406)
 [0,0.010245)
 [0,0.0106622)
 [0,0.0109706)
 [0, )
