persistence intervals in dim 1:
 [0.0102633,0.011751)
 [0.0101781,0.0106975)
 [0.00989531,0.0104952)
 [0.00983205,0.0108676)
 [0.00849006,0.00867912)
 [0.00811861,0.00905892)
 [0.00713918,0.00729611)
 [0.00710203,0.00766458)
 [0.00678314,0.00698945)
 [0.00670279,0.00731037)
 [0.00641931,0.00661711)
 [0.00627239,0.00808759)
 [0.00587994,0.00779999)
 [0.00568481,0.00622329)
 [0.00522221,0.00546671)
 [0.00520805,0.00680026)
 [0.00487647,0.00494451)
 [0.00480047,0.00527462)
 [0.00476574,0.00502426)
 [0.00453627,0.00520027)
 [0.00422412,0.00446529)
 [0.00418922,0.0057373)
 [0.00417393,0.00471745)
 [0.00413886,0.00422059)
 [0.00405111,0.00543265)
 [0.00403411,0.00423385)
 [0.00400124,0.00410868)
 [0.00399228,0.00434132)
 [0.00393669,0.00529316)
 [0.00392163,0.00406756)
 [0.00390184,0.00443861)
 [0.0037571,0.00391699)
 [0.00374322,0.0038944)
 [0.00373671,0.00398773)
 [0.00371264,0.00465649)
 [0.00368813,0.00417945)
 [0.00368661,0.00418399)
 [0.00365485,0.00424821)
 [0.00365426,0.00386348)
 [0.00360098,0.00378824)
 [0.00358729,0.00474098)
 [0.00358204,0.00371255)
 [0.00356588,0.00366891)
 [0.00347324,0.00370814)
 [0.00344746,0.0045763)
 [0.00341687,0.00434433)
 [0.00340718,0.00432136)
 [0.00339777,0.00391896)
 [0.00337385,0.00393767)
 [0.00335897,0.00377473)
 [0.00335057,0.00361165)
 [0.00334424,0.00340649)
 [0.00331591,0.00344032)
 [0.00325782,0.00334012)
 [0.00323551,0.00449035)
 [0.00322877,0.00398271)
 [0.00321658,0.0038468)
 [0.00319032,0.0033691)
 [0.00316897,0.0034021)
 [0.00316777,0.00350769)
 [0.00310252,0.00373645)
 [0.00307672,0.00332513)
 [0.00305038,0.00486742)
 [0.00304386,0.00312146)
 [0.00303829,0.00306956)
 [0.0030124,0.00303026)
 [0.00300643,0.00356216)
 [0.00300354,0.00363539)
 [0.00297161,0.00304376)
 [0.00296615,0.00325432)
 [0.00295,0.0035629)
 [0.00294057,0.00385357)
 [0.00293628,0.00371573)
 [0.00293329,0.00297048)
 [0.00291344,0.00306196)
 [0.00285069,0.00303514)
 [0.00284154,0.00314446)
 [0.0028222,0.00362342)
 [0.00281238,0.00293469)
 [0.00280675,0.00293295)
 [0.00279623,0.00337117)
 [0.00274527,0.00276477)
 [0.00272447,0.00318349)
 [0.00270636,0.00283283)
 [0.00268057,0.00269096)
 [0.00265062,0.00275484)
 [0.00264796,0.00295315)
 [0.00263975,0.00340237)
 [0.0026291,0.00343476)
 [0.0026128,0.00356367)
 [0.00261084,0.00312217)
 [0.0025761,0.00314874)
 [0.00256515,0.00277938)
 [0.00255862,0.00319221)
 [0.00255715,0.00258328)
 [0.0025557,0.0028478)
 [0.00255052,0.00294187)
 [0.00254776,0.00266446)
 [0.00251817,0.00278313)
 [0.00248965,0.0026311)
 [0.00245178,0.00254448)
 [0.00245013,0.00261344)
 [0.00243143,0.00278149)
 [0.00242271,0.0028734)
 [0.00241163,0.00255395)
 [0.00238944,0.00338098)
 [0.00238028,0.0026019)
 [0.0023791,0.00245623)
 [0.00237265,0.00303696)
 [0.00237123,0.00332884)
 [0.00237047,0.00298567)
 [0.00236826,0.00265606)
 [0.00235937,0.00318075)
 [0.0023541,0.00318355)
 [0.00235359,0.00241933)
 [0.00235247,0.00241047)
 [0.00235066,0.00236646)
 [0.00234227,0.0027835)
 [0.00233473,0.00262164)
 [0.00231567,0.00278574)
 [0.00230973,0.00281572)
 [0.0022814,0.00302615)
 [0.00227787,0.00272267)
 [0.00227059,0.00231412)
 [0.00226876,0.00235463)
 [0.00225997,0.00230514)
 [0.00225329,0.00235361)
 [0.00224043,0.00230492)
 [0.00223197,0.00264144)
 [0.00223152,0.00238073)
 [0.00223116,0.00247226)
 [0.00222857,0.00242618)
 [0.00222447,0.00249575)
 [0.00221065,0.00232741)
 [0.00220926,0.00226571)
 [0.00220134,0.00254438)
 [0.0021884,0.00254027)
 [0.00218635,0.002577)
 [0.00218553,0.00248823)
 [0.00218365,0.00312587)
 [0.00217933,0.00236053)
 [0.00217038,0.00217051)
 [0.00216872,0.00253268)
 [0.00215296,0.00215706)
 [0.00214263,0.00264826)
 [0.00210346,0.00237572)
 [0.00209265,0.00233452)
 [0.00209022,0.00259773)
 [0.0020873,0.00214484)
 [0.00208096,0.00233997)
 [0.00207957,0.00293819)
 [0.00207141,0.00215266)
 [0.00206758,0.00230193)
 [0.00205688,0.00228184)
 [0.00202749,0.00202805)
 [0.00202414,0.00245894)
 [0.00201795,0.00255774)
 [0.00200763,0.00201819)
 [0.00199633,0.00211361)
 [0.00195783,0.00202867)
 [0.00195146,0.00195889)
 [0.0019424,0.00217415)
 [0.00193288,0.0020458)
 [0.00192889,0.00291538)
 [0.00191936,0.00234896)
 [0.00191631,0.00220797)
 [0.00190343,0.00213439)
 [0.00189689,0.00192672)
 [0.00189082,0.00203006)
 [0.00188252,0.00195887)
 [0.00186833,0.00263676)
 [0.00186439,0.00199933)
 [0.00186365,0.00248362)
 [0.00184803,0.00212142)
 [0.00184006,0.00251286)
 [0.00183321,0.00212803)
 [0.00181521,0.00199601)
 [0.00179705,0.0018215)
 [0.00179558,0.00210608)
 [0.00179061,0.00191141)
 [0.00177284,0.00191041)
 [0.00174995,0.00175123)
 [0.00174003,0.00192287)
 [0.00173689,0.00232866)
 [0.00173365,0.00180181)
 [0.00171194,0.00207886)
 [0.00170497,0.00206973)
 [0.00168892,0.00197141)
 [0.00166468,0.0017005)
 [0.00166231,0.00168787)
 [0.00165154,0.0019051)
 [0.00164646,0.00166749)
 [0.00164075,0.00177561)
 [0.00161712,0.00162118)
 [0.00157853,0.0016368)
 [0.00156752,0.00163775)
 [0.00155988,0.00158302)
 [0.00155505,0.00204182)
 [0.00153345,0.00216652)
 [0.0015304,0.00180145)
 [0.00152468,0.0016685)
 [0.00151065,0.00181592)
 [0.00149987,0.00187674)
 [0.00148398,0.00202155)
 [0.00148182,0.00159585)
 [0.00147013,0.0014836)
 [0.00146676,0.00151988)
 [0.00143409,0.00180357)
 [0.00141308,0.00143097)
 [0.00139563,0.0014673)
 [0.00139501,0.00150364)
 [0.00131508,0.00139198)
 [0.00127287,0.00146531)
 [0.00123558,0.00128329)
 [0.00102538,0.00111745)
