persistence intervals in dim 1:
 [0.00501059,0.00556752)
 [0.00451221,0.00473394)
 [0.00450394,0.00454844)
 [0.00351294,0.00429969)
 [0.00347563,0.00351595)
 [0.00337702,0.0038087)
 [0.0033361,0.00343088)
 [0.00323343,0.00369464)
 [0.00315247,0.00332146)
 [0.00308773,0.00313873)
 [0.00305689,0.00307756)
 [0.00302091,0.00315522)
 [0.00301151,0.00325405)
 [0.00285528,0.00336454)
 [0.00283802,0.00292057)
 [0.00280168,0.00323846)
 [0.00256125,0.00294046)
 [0.00251229,0.00253333)
 [0.00250367,0.00253194)
 [0.00250008,0.00272534)
 [0.00248369,0.00281131)
 [0.00242401,0.00248321)
 [0.0024198,0.00294463)
 [0.00237803,0.00292223)
 [0.00232689,0.00301945)
 [0.00232399,0.00235662)
 [0.00230487,0.00236283)
 [0.00230114,0.00262823)
 [0.00217863,0.00225187)
 [0.00217488,0.00302723)
 [0.00216628,0.00246288)
 [0.00215668,0.00229807)
 [0.00213386,0.00220968)
 [0.00208157,0.00220886)
 [0.00207981,0.00271293)
 [0.00207898,0.00232932)
 [0.00196589,0.00253271)
 [0.00195029,0.0022457)
 [0.00193487,0.00237966)
 [0.00192799,0.00195286)
 [0.00188951,0.00196217)
 [0.00184172,0.00185423)
 [0.00182825,0.00192711)
 [0.00181146,0.00207005)
 [0.00179585,0.00198612)
 [0.00177158,0.00179616)
 [0.00176708,0.00176744)
 [0.00175815,0.0017786)
 [0.00170383,0.00223577)
 [0.00170311,0.0019909)
 [0.00168887,0.00178641)
 [0.00168594,0.00181039)
 [0.00168199,0.0017584)
 [0.00167703,0.00174238)
 [0.00167124,0.00176744)
 [0.00166372,0.00169526)
 [0.00166297,0.00177188)
 [0.00165668,0.00179051)
 [0.0015945,0.0018563)
 [0.00159251,0.00164546)
 [0.00158978,0.0018659)
 [0.00158572,0.00164026)
 [0.00157199,0.00181981)
 [0.00156135,0.00174922)
 [0.00155746,0.00171916)
 [0.0015571,0.0015699)
 [0.00152977,0.00238498)
 [0.00152743,0.00177429)
 [0.0015273,0.00201832)
 [0.00151115,0.00155639)
 [0.00149764,0.00168784)
 [0.00149359,0.00152799)
 [0.00148538,0.00207534)
 [0.00148079,0.00172364)
 [0.00147227,0.00191591)
 [0.00146668,0.00166947)
 [0.00146062,0.00172477)
 [0.00145908,0.00154491)
 [0.00145109,0.00161628)
 [0.00144622,0.0014929)
 [0.00141805,0.001554)
 [0.00141133,0.00193231)
 [0.00140935,0.00178114)
 [0.00140717,0.00143775)
 [0.00140445,0.00161266)
 [0.00139746,0.00147021)
 [0.00139409,0.00162427)
 [0.0013917,0.00157476)
 [0.00138643,0.00138745)
 [0.00137922,0.00165137)
 [0.00136478,0.00142314)
 [0.00133739,0.00137165)
 [0.00133528,0.00153891)
 [0.00133432,0.00172796)
 [0.00133151,0.00143531)
 [0.00132582,0.00157176)
 [0.00132324,0.00152869)
 [0.00129828,0.00137881)
 [0.00129393,0.00163786)
 [0.00128268,0.00149305)
 [0.00127121,0.00128741)
 [0.00125595,0.00145782)
 [0.00122285,0.00125975)
 [0.00121537,0.00144019)
 [0.00121288,0.0012323)
 [0.00120677,0.00121979)
 [0.00117153,0.00125031)
 [0.00115791,0.00134074)
 [0.00114663,0.0011572)
 [0.00114583,0.00119074)
 [0.00114414,0.00137506)
 [0.00113436,0.00126248)
 [0.00111389,0.00139426)
 [0.00110377,0.00147168)
 [0.00110311,0.00113608)
 [0.00109807,0.00144131)
 [0.00107342,0.00108237)
 [0.0010712,0.00109776)
 [0.00105132,0.00119692)
 [0.00103948,0.00112718)
 [0.00103452,0.00131694)
 [0.00103065,0.00115642)
 [0.00102868,0.00110286)
 [0.00102525,0.00122609)
 [0.00100771,0.00105666)
 [0.000996027,0.00116206)
 [0.000984356,0.00108245)
 [0.00098424,0.00105227)
 [0.000973866,0.00102977)
 [0.000973381,0.000986375)
 [0.000967745,0.00106584)
 [0.000966209,0.00102408)
 [0.00095876,0.00100974)
 [0.000946629,0.00101017)
 [0.000930917,0.000952164)
 [0.000928392,0.00109631)
 [0.000913265,0.000952939)
 [0.000902805,0.00114182)
 [0.000894365,0.00103041)
 [0.000893424,0.000921002)
 [0.000892426,0.000911946)
 [0.000890862,0.00139671)
 [0.000886107,0.000925813)
 [0.000880997,0.00119395)
 [0.000865756,0.000969638)
 [0.000864037,0.000957109)
 [0.000859302,0.00106124)
 [0.000856197,0.00101181)
 [0.000854397,0.000945827)
 [0.000849192,0.00100856)
 [0.000843118,0.000852187)
 [0.000842722,0.000846053)
 [0.000825496,0.00088657)
 [0.000823533,0.00085871)
 [0.000820465,0.000984041)
 [0.000814,0.000849421)
 [0.000805357,0.00095121)
 [0.000803351,0.000948831)
 [0.000802975,0.00105864)
 [0.000796216,0.000849162)
 [0.000781258,0.000938627)
 [0.000777775,0.000785428)
 [0.000775901,0.000852187)
 [0.000774491,0.00084574)
 [0.000758771,0.000980705)
 [0.000742584,0.000784766)
 [0.00073534,0.000768233)
 [0.000734268,0.000876215)
 [0.000730246,0.000763565)
 [0.000707599,0.00074737)
 [0.000699511,0.000890053)
 [0.000699127,0.000798982)
 [0.000637993,0.00080431)
 [0.000610537,0.000695972)
 [0.000601013,0.000660181)
 [0.000594173,0.000651838)
 [0.000565802,0.000653961)
 [0.000544091,0.000603788)
 [0.000542276,0.000556303)
 [0.000540899,0.000706507)
 [0.000385229,0.000426507)
