persistence intervals in dim 1:
 [0.00676054,0.00731998)
 [0.00615205,0.00672881)
 [0.00591798,0.0063423)
 [0.00553415,0.00602679)
 [0.0049587,0.00516678)
 [0.00464767,0.00479608)
 [0.00408793,0.00466636)
 [0.00368069,0.00498501)
 [0.0033667,0.00396566)
 [0.00301375,0.00318402)
 [0.00298836,0.00301806)
 [0.00290862,0.00298805)
 [0.002882,0.00298363)
 [0.00282434,0.00291163)
 [0.00273138,0.00320836)
 [0.00270554,0.00291944)
 [0.00267893,0.00285838)
 [0.00267185,0.00277007)
 [0.00264228,0.00266991)
 [0.00259419,0.00270056)
 [0.00255996,0.00260814)
 [0.00250754,0.00251812)
 [0.00249424,0.00284551)
 [0.00244399,0.00248164)
 [0.00241901,0.00258788)
 [0.00237464,0.00255937)
 [0.00236687,0.00254427)
 [0.00222251,0.00246187)
 [0.00219559,0.00272445)
 [0.00214876,0.00218782)
 [0.00212376,0.00227722)
 [0.00211632,0.00217763)
 [0.00208529,0.00258788)
 [0.00206742,0.00234712)
 [0.00204669,0.00225884)
 [0.0019978,0.00201572)
 [0.00197275,0.00247793)
 [0.00192212,0.0022733)
 [0.0018671,0.00208033)
 [0.0018541,0.00188912)
 [0.00185382,0.00226653)
 [0.00185228,0.00212265)
 [0.00184321,0.00192449)
 [0.00178237,0.00191947)
 [0.00177118,0.00209738)
 [0.00175009,0.001817)
 [0.00170854,0.0018649)
 [0.0017059,0.00172048)
 [0.00164275,0.00174109)
 [0.00161969,0.0021527)
 [0.00158545,0.00184317)
 [0.00155379,0.00179099)
 [0.00154888,0.00164884)
 [0.00151713,0.00175255)
 [0.00150556,0.00183307)
 [0.00150178,0.00154086)
 [0.0014865,0.00152533)
 [0.00148189,0.00163513)
 [0.00146292,0.00156724)
 [0.00142656,0.00150645)
 [0.00142061,0.00150681)
 [0.00141789,0.00152757)
 [0.00137979,0.00142955)
 [0.00137552,0.00153356)
 [0.00137266,0.00157235)
 [0.00137045,0.00145535)
 [0.00135192,0.00149554)
 [0.00134275,0.00143327)
 [0.00130079,0.0014212)
 [0.00127991,0.00132486)
 [0.0012598,0.00133227)
 [0.00125211,0.00126584)
 [0.00124313,0.00142551)
 [0.00123941,0.00152257)
 [0.00122775,0.00133278)
 [0.00122522,0.0013465)
 [0.00122122,0.00156116)
 [0.00119536,0.00121421)
 [0.0011857,0.00133818)
 [0.00118179,0.00147851)
 [0.00117098,0.00125131)
 [0.00116842,0.00144459)
 [0.00116743,0.00124081)
 [0.00116109,0.00120767)
 [0.00115796,0.00147856)
 [0.0011561,0.00130694)
 [0.00113045,0.00117809)
 [0.00111649,0.00116233)
 [0.00110358,0.00117821)
 [0.00110348,0.00114141)
 [0.00109141,0.00118091)
 [0.00108001,0.00117526)
 [0.0010767,0.00115353)
 [0.0010752,0.00113764)
 [0.00106753,0.00120314)
 [0.00105401,0.00141356)
 [0.00102932,0.00109987)
 [0.00102655,0.00103093)
 [0.00101338,0.00132562)
 [0.00100752,0.00105259)
 [0.000995978,0.0010644)
 [0.000995562,0.00122468)
 [0.000987844,0.00130417)
 [0.000974646,0.00123288)
 [0.000970536,0.0011664)
 [0.000960746,0.00100922)
 [0.000956778,0.00100545)
 [0.000952072,0.00100767)
 [0.00093786,0.0010184)
 [0.000931802,0.00110563)
 [0.000929053,0.00101138)
 [0.000925647,0.00104339)
 [0.000922184,0.000980906)
 [0.000918075,0.000925834)
 [0.000914343,0.00101298)
 [0.000912975,0.0009964)
 [0.000903957,0.00100857)
 [0.000894613,0.000917301)
 [0.000885657,0.000974785)
 [0.000883877,0.0010483)
 [0.000876608,0.000908278)
 [0.000871957,0.000896459)
 [0.000871806,0.000953286)
 [0.000860563,0.00101934)
 [0.000854497,0.00113744)
 [0.000852715,0.000905836)
 [0.000851608,0.000877276)
 [0.000839534,0.00104475)
 [0.000833024,0.000848865)
 [0.000828035,0.000914961)
 [0.000819342,0.000980051)
 [0.00080703,0.00102179)
 [0.000804007,0.000967817)
 [0.000796232,0.000881928)
 [0.000788871,0.000803377)
 [0.000781509,0.000939682)
 [0.000780411,0.000871983)
 [0.000778449,0.00087888)
 [0.000777593,0.00078929)
 [0.000766984,0.000920339)
 [0.000757615,0.000829288)
 [0.000754796,0.000808603)
 [0.000742723,0.000789277)
 [0.00073702,0.000796957)
 [0.000734308,0.000901351)
 [0.000726611,0.000782412)
 [0.000722236,0.000911804)
 [0.000718401,0.000729088)
 [0.000707689,0.000916413)
 [0.000698993,0.000722554)
 [0.000692295,0.000798002)
 [0.000686713,0.000842863)
 [0.000673123,0.000771215)
 [0.000649331,0.000808997)
 [0.00064452,0.000657143)
 [0.000639387,0.000640125)
 [0.000638066,0.000672887)
 [0.00062574,0.000723628)
 [0.000618031,0.000669844)
 [0.000616501,0.000801003)
 [0.000607382,0.000692478)
 [0.000603831,0.000609584)
 [0.00059073,0.000602625)
 [0.000585571,0.000631495)
 [0.000578736,0.000740825)
 [0.000566146,0.00067133)
 [0.000564385,0.000781875)
 [0.000556007,0.000590258)
 [0.00053774,0.000585124)
 [0.000532988,0.000642026)
 [0.000526273,0.000615528)
 [0.000524788,0.000556578)
 [0.000455453,0.000504373)
 [0.000445041,0.000456887)
 [0.000413769,0.000557193)
 [0.00039297,0.000460539)
 [0.000385684,0.000408267)
 [0.000372401,0.000432965)
