persistence intervals in dim 1:
 [0.0353535,0.035911)
 [0.0299467,0.0311162)
 [0.0136225,0.01413)
 [0.0134262,0.0148399)
 [0.0114214,0.0122563)
 [0.0110029,0.0112098)
 [0.0107567,0.0109118)
 [0.0100961,0.0115533)
 [0.00866295,0.00926673)
 [0.00825929,0.00853253)
 [0.00821285,0.00880115)
 [0.00766638,0.00831938)
 [0.00745677,0.00843639)
 [0.0071098,0.0072316)
 [0.00707632,0.00862906)
 [0.00664498,0.00682484)
 [0.0064108,0.00679508)
 [0.0062468,0.00638816)
 [0.00588054,0.00641477)
 [0.00582295,0.00602374)
 [0.0057176,0.00575059)
 [0.0056439,0.00580524)
 [0.00531159,0.00539043)
 [0.00495676,0.00499752)
 [0.00451435,0.00471658)
 [0.00451402,0.00544228)
 [0.00449999,0.00491376)
 [0.00430916,0.00462773)
 [0.00426359,0.00430454)
 [0.00415977,0.00485611)
 [0.00409448,0.00410365)
 [0.00385031,0.0041829)
 [0.00378715,0.00398079)
 [0.00363004,0.00405449)
 [0.00361651,0.00366164)
 [0.00361288,0.0041587)
 [0.00352878,0.0039758)
 [0.00343128,0.00379987)
 [0.00341727,0.00405198)
 [0.00335044,0.00408245)
 [0.00331779,0.0033531)
 [0.00328591,0.00370832)
 [0.00321688,0.00328038)
 [0.00310204,0.00373794)
 [0.00306175,0.00328726)
 [0.00298343,0.00328209)
 [0.00286663,0.00319456)
 [0.00274874,0.00292578)
 [0.00272624,0.00294247)
 [0.00271414,0.00277096)
 [0.00263614,0.00284481)
 [0.00257929,0.00290086)
 [0.00257725,0.00285091)
 [0.00251988,0.00253546)
 [0.0025037,0.00311036)
 [0.00245836,0.00273933)
 [0.00243685,0.00276967)
 [0.00238362,0.00243628)
 [0.00235862,0.00272909)
 [0.00234867,0.00246299)
 [0.00233958,0.00243457)
 [0.00233771,0.002373)
 [0.00233123,0.00247203)
 [0.00232671,0.00272831)
 [0.00231762,0.002376)
 [0.00229809,0.00261553)
 [0.0022617,0.00243089)
 [0.0022298,0.00237126)
 [0.00222311,0.00232754)
 [0.00221439,0.00236123)
 [0.00221299,0.00254884)
 [0.00218521,0.00231728)
 [0.00215338,0.00241359)
 [0.0021458,0.00225897)
 [0.00214366,0.00226277)
 [0.00205639,0.00217861)
 [0.00198096,0.00223036)
 [0.00195745,0.00222771)
 [0.00192412,0.00211709)
 [0.00188984,0.00203751)
 [0.00186006,0.00203214)
 [0.00185605,0.0020072)
 [0.00182808,0.00188018)
 [0.00182537,0.00193225)
 [0.00179301,0.0018111)
 [0.00178217,0.00187187)
 [0.00177077,0.00177235)
 [0.00174112,0.00183146)
 [0.0017398,0.00175358)
 [0.00172465,0.00179903)
 [0.0017133,0.00254189)
 [0.00170011,0.0025067)
 [0.00169164,0.00215564)
 [0.00168019,0.00178059)
 [0.00166803,0.00177185)
 [0.0016639,0.00168512)
 [0.00161797,0.00176943)
 [0.00161528,0.0016955)
 [0.00160644,0.00231477)
 [0.00159706,0.00170625)
 [0.00158931,0.00166898)
 [0.00156648,0.00170324)
 [0.00156608,0.00165477)
 [0.00152848,0.00173072)
 [0.00152411,0.00166413)
 [0.00149285,0.00164737)
 [0.0014816,0.00188216)
 [0.00145807,0.00148524)
 [0.00141285,0.00144373)
 [0.00131972,0.00134362)
 [0.00131051,0.00141047)
 [0.00126257,0.00164262)
 [0.00126202,0.00127366)
 [0.00125538,0.00128914)
 [0.00124734,0.00145396)
 [0.00124011,0.00133742)
 [0.00121967,0.00123936)
 [0.00121854,0.00131286)
 [0.00116296,0.00131469)
 [0.00113575,0.00119621)
 [0.00111521,0.00134084)
 [0.00109113,0.00134354)
 [0.00102985,0.00104787)
 [0.000961038,0.00116587)
 [0.000945543,0.000965245)
 [0.000913737,0.00096187)
 [0.000881906,0.000919239)
 [0.000857437,0.000903902)
 [0.000786117,0.000825465)
 [0.000770998,0.00100868)
 [0.000677828,0.000737736)
