persistence intervals in dim 1:
 [0.0145311,0.0150599)
 [0.0106985,0.0123076)
 [0.00960036,0.00962547)
 [0.00901815,0.00937509)
 [0.00893299,0.00995382)
 [0.00777761,0.00800902)
 [0.00764463,0.00780452)
 [0.00760246,0.00791534)
 [0.00740614,0.00922196)
 [0.0070025,0.00730081)
 [0.00691669,0.00790981)
 [0.00671764,0.0089931)
 [0.00615757,0.00668728)
 [0.00579517,0.00697672)
 [0.00573531,0.00706449)
 [0.00570765,0.0072405)
 [0.00566712,0.00576766)
 [0.00566515,0.0058127)
 [0.00540779,0.00548082)
 [0.00533469,0.00541189)
 [0.00520663,0.00574784)
 [0.00512165,0.00528985)
 [0.00501124,0.00639021)
 [0.00499075,0.00528958)
 [0.00483572,0.00752408)
 [0.00462824,0.0047057)
 [0.00458963,0.00462065)
 [0.00456039,0.00511182)
 [0.00450052,0.00466953)
 [0.00448878,0.00551317)
 [0.00448745,0.00467684)
 [0.00446502,0.00659795)
 [0.00444236,0.00510067)
 [0.00442732,0.00474881)
 [0.00436667,0.00451108)
 [0.004327,0.00495264)
 [0.00408779,0.00439042)
 [0.00406674,0.0041168)
 [0.00392191,0.0040667)
 [0.00390745,0.00390968)
 [0.00382611,0.00395713)
 [0.00381474,0.00407046)
 [0.00374216,0.00410209)
 [0.003723,0.00414784)
 [0.00371215,0.00402117)
 [0.00370235,0.00391888)
 [0.00367309,0.0037565)
 [0.00366176,0.00391843)
 [0.00365056,0.00369005)
 [0.00364003,0.00459815)
 [0.00361372,0.00386879)
 [0.00354227,0.00430565)
 [0.00353834,0.00361551)
 [0.00352515,0.00412575)
 [0.00349136,0.00407143)
 [0.0034617,0.00352769)
 [0.00345503,0.00361551)
 [0.00345368,0.00402767)
 [0.00344805,0.00368609)
 [0.00338692,0.00339813)
 [0.00337755,0.00357149)
 [0.00331907,0.0034109)
 [0.00331089,0.00332063)
 [0.0032884,0.00343762)
 [0.00327969,0.00359308)
 [0.00326974,0.00394317)
 [0.00324296,0.00339389)
 [0.00314108,0.00376983)
 [0.0030932,0.00364874)
 [0.00309096,0.00310748)
 [0.00308814,0.00317326)
 [0.00306238,0.00333586)
 [0.00301871,0.00332845)
 [0.00294845,0.00338002)
 [0.00294093,0.00310548)
 [0.00291052,0.00312566)
 [0.00289886,0.00310622)
 [0.00289818,0.00319035)
 [0.00282941,0.00301774)
 [0.002821,0.00283304)
 [0.00281302,0.00284416)
 [0.00280428,0.00309165)
 [0.00277273,0.00310238)
 [0.00274088,0.00279576)
 [0.00272226,0.0032808)
 [0.00270821,0.00276424)
 [0.00270643,0.00303304)
 [0.00270391,0.00294137)
 [0.00270277,0.00313405)
 [0.00269765,0.00272437)
 [0.00269078,0.00273731)
 [0.0026646,0.00326952)
 [0.00265603,0.00269672)
 [0.00264327,0.00276)
 [0.00258222,0.00290685)
 [0.00252142,0.00268097)
 [0.00251822,0.0027959)
 [0.00251062,0.00321577)
 [0.00247167,0.00331268)
 [0.00244966,0.00278407)
 [0.00238903,0.00312365)
 [0.00235412,0.00291644)
 [0.00231974,0.00236696)
 [0.0022911,0.0025016)
 [0.00224937,0.00228217)
 [0.00222207,0.0023443)
 [0.00220712,0.0022084)
 [0.0021961,0.00250618)
 [0.00217632,0.00242754)
 [0.00216299,0.00243666)
 [0.00216154,0.0023014)
 [0.00216118,0.0022788)
 [0.00215412,0.0027395)
 [0.00215256,0.00228638)
 [0.00214481,0.00250586)
 [0.00213441,0.00253911)
 [0.00213022,0.0022782)
 [0.0020797,0.00250551)
 [0.00207476,0.00208553)
 [0.002052,0.00208569)
 [0.0020317,0.00221391)
 [0.00197896,0.00206428)
 [0.00196681,0.00247314)
 [0.00184719,0.0023656)
 [0.00183588,0.0018725)
 [0.00182335,0.00190633)
 [0.00181538,0.00233192)
 [0.00178438,0.00223994)
 [0.00177704,0.00229243)
 [0.00175891,0.00184211)
 [0.00174535,0.00218172)
 [0.00173139,0.00182061)
 [0.00172265,0.00190432)
 [0.00171698,0.00211438)
 [0.00170353,0.00198473)
 [0.00170167,0.00180889)
 [0.00170121,0.00176108)
 [0.00169805,0.0023532)
 [0.00169765,0.00178421)
 [0.00168151,0.00201906)
 [0.00168133,0.00173308)
 [0.00167679,0.00184309)
 [0.00166709,0.00171135)
 [0.00165902,0.00219867)
 [0.00163338,0.00163559)
 [0.00161107,0.00170355)
 [0.00160094,0.00179036)
 [0.00156979,0.00160497)
 [0.00156846,0.00162301)
 [0.00156818,0.00186529)
 [0.00155946,0.00242069)
 [0.00155183,0.00173384)
 [0.00154038,0.0018544)
 [0.00152722,0.00186739)
 [0.00152213,0.00174483)
 [0.00152134,0.00248551)
 [0.00150456,0.00151457)
 [0.00148222,0.0015502)
 [0.00148111,0.00155862)
 [0.00147671,0.0017359)
 [0.00147063,0.00171012)
 [0.00144989,0.00159585)
 [0.00144154,0.00148484)
 [0.00139854,0.0018646)
 [0.00137538,0.0014128)
 [0.0013725,0.00139499)
 [0.00136135,0.0013752)
 [0.00135584,0.0014128)
 [0.00132513,0.00148208)
 [0.00131803,0.00138919)
 [0.00131257,0.00169977)
 [0.00130124,0.00130746)
 [0.00128308,0.00159479)
 [0.0012123,0.00127723)
 [0.00120513,0.00126908)
 [0.00114228,0.00126456)
 [0.00112091,0.00128985)
 [0.00111219,0.00136775)
 [0.00109274,0.00126202)
 [0.00105686,0.00106905)
 [0.00104797,0.00111312)
 [0.0010306,0.00113203)
 [0.000836248,0.00087309)
 [0.000686715,0.000800328)
