persistence intervals in dim 1:
 [0.00255143,0.00267589)
 [0.00249351,0.00292833)
 [0.00249191,0.00258614)
 [0.00246847,0.00289364)
 [0.00230323,0.00230899)
 [0.00221595,0.00240883)
 [0.00215033,0.00229849)
 [0.00201029,0.00229161)
 [0.0019529,0.0021253)
 [0.0018727,0.00198736)
 [0.00185379,0.00193253)
 [0.00176049,0.00216263)
 [0.00174628,0.00227167)
 [0.00168417,0.00170758)
 [0.00163517,0.00169253)
 [0.00159461,0.00177578)
 [0.00148688,0.00160272)
 [0.00141365,0.00152208)
 [0.00138132,0.00145125)
 [0.00133501,0.0014542)
 [0.00129814,0.00160258)
 [0.00125649,0.00126932)
 [0.00118861,0.00141529)
 [0.00118493,0.00136529)
 [0.00117582,0.00135155)
 [0.00114327,0.00125189)
 [0.00112941,0.00118176)
 [0.00112834,0.0013491)
 [0.00112118,0.00125397)
 [0.00112096,0.00112204)
 [0.00112088,0.00120717)
 [0.00111896,0.00121623)
 [0.00111864,0.0011441)
 [0.00107199,0.00108244)
 [0.00103821,0.00126072)
 [0.00103441,0.00109862)
 [0.0010256,0.00106624)
 [0.00102243,0.00115584)
 [0.00101318,0.00102855)
 [0.0010104,0.00102275)
 [0.00100322,0.00117102)
 [0.000998899,0.00121699)
 [0.000997885,0.00102548)
 [0.000995799,0.00125847)
 [0.000982267,0.00102712)
 [0.00098222,0.00110986)
 [0.000971559,0.0011236)
 [0.000964252,0.00102919)
 [0.000963674,0.00123389)
 [0.000950365,0.00116609)
 [0.000939489,0.00138708)
 [0.000922072,0.00104465)
 [0.000885934,0.00102561)
 [0.000877422,0.00088043)
 [0.000865979,0.000875165)
 [0.000856024,0.000914322)
 [0.000853588,0.00110384)
 [0.000852737,0.00102187)
 [0.000850826,0.000908698)
 [0.000831461,0.00113266)
 [0.000825594,0.000867223)
 [0.000821708,0.00105319)
 [0.00082115,0.000862484)
 [0.000820577,0.000903299)
 [0.000813883,0.000871528)
 [0.000813665,0.000823804)
 [0.000813226,0.00104211)
 [0.000808985,0.000919503)
 [0.000808676,0.000982456)
 [0.00079914,0.000835996)
 [0.000791729,0.000850426)
 [0.000791445,0.000844633)
 [0.000790892,0.00087008)
 [0.000776232,0.000950377)
 [0.000774666,0.000879483)
 [0.000774104,0.000817923)
 [0.000773465,0.000837697)
 [0.000764042,0.00080067)
 [0.000757375,0.000957797)
 [0.000752476,0.000779918)
 [0.00074857,0.000977793)
 [0.000745879,0.000764155)
 [0.000731684,0.000876727)
 [0.000730177,0.000908021)
 [0.000727004,0.000764661)
 [0.000723861,0.000728142)
 [0.000723718,0.000830012)
 [0.000723297,0.000742285)
 [0.00072312,0.000725941)
 [0.000719535,0.000756427)
 [0.000712648,0.000801945)
 [0.000710386,0.000713009)
 [0.000709878,0.000940982)
 [0.000708599,0.00101322)
 [0.000706413,0.000802374)
 [0.000706278,0.000798408)
 [0.000706215,0.000715778)
 [0.000704667,0.000871336)
 [0.000694193,0.000930886)
 [0.00069102,0.000849742)
 [0.000690926,0.000795836)
 [0.000690881,0.000702838)
 [0.000689791,0.000712039)
 [0.000689623,0.000738011)
 [0.000688696,0.00101138)
 [0.000681066,0.00085028)
 [0.000669079,0.00085465)
 [0.000668932,0.000673939)
 [0.000662862,0.000738336)
 [0.000658887,0.000670214)
 [0.000658514,0.000677735)
 [0.000657941,0.000696588)
 [0.00064905,0.000710114)
 [0.000648349,0.000690313)
 [0.000647828,0.000723322)
 [0.00064464,0.000661519)
 [0.00064398,0.000738547)
 [0.000641401,0.000810311)
 [0.000639827,0.000656549)
 [0.000639585,0.000650802)
 [0.00063652,0.000717503)
 [0.000632491,0.000687805)
 [0.000631505,0.000688258)
 [0.000626769,0.000636274)
 [0.000624559,0.000758652)
 [0.000623718,0.000630328)
 [0.000623482,0.000673603)
 [0.000621102,0.00065358)
 [0.000619591,0.000658394)
 [0.000614043,0.000713805)
 [0.000612836,0.000675731)
 [0.000609816,0.000722972)
 [0.000603859,0.000641994)
 [0.000603107,0.000613808)
 [0.000594843,0.000657824)
 [0.000594745,0.000623311)
 [0.000592763,0.000713037)
 [0.000592201,0.000601209)
 [0.000586587,0.000599136)
 [0.000583723,0.000586929)
 [0.000583541,0.00064918)
 [0.000582115,0.000651045)
 [0.000580986,0.000641396)
 [0.000579684,0.000715677)
 [0.000579671,0.000638505)
 [0.000577536,0.000726628)
 [0.000577441,0.00061114)
 [0.000577258,0.000632453)
 [0.00057353,0.000588135)
 [0.000571236,0.000669042)
 [0.000569396,0.000632079)
 [0.00056258,0.000724948)
 [0.000562547,0.000773931)
 [0.000561824,0.00059138)
 [0.000561571,0.000788694)
 [0.000560741,0.000710253)
 [0.000554306,0.000558088)
 [0.000548878,0.00063961)
 [0.000542781,0.000598266)
 [0.000542238,0.00064523)
 [0.000541936,0.00055816)
 [0.000540198,0.000696406)
 [0.000536822,0.000572471)
 [0.000534355,0.000628404)
 [0.000533729,0.000555412)
 [0.000531893,0.000538191)
 [0.000528627,0.00057704)
 [0.000524259,0.000525404)
 [0.000521546,0.000587903)
 [0.00051782,0.000521818)
 [0.000514344,0.000546858)
 [0.00051373,0.000514909)
 [0.000511378,0.00085319)
 [0.000498772,0.000519768)
 [0.000495918,0.000562485)
 [0.000494939,0.00058365)
 [0.000489587,0.00056962)
 [0.000487602,0.000494635)
 [0.000486694,0.000559121)
 [0.000484962,0.000511414)
 [0.000482572,0.000513895)
 [0.000480987,0.000502073)
 [0.000478698,0.000484787)
 [0.000477503,0.000671304)
 [0.00047705,0.00048521)
 [0.000463785,0.000597124)
 [0.000456795,0.000503374)
 [0.000447601,0.000571727)
 [0.000447289,0.00045001)
 [0.000447163,0.000522179)
 [0.000446478,0.000467603)
 [0.000445853,0.000453804)
 [0.000438861,0.000559772)
 [0.000435946,0.000467182)
 [0.000415189,0.000425059)
 [0.000394048,0.000485309)
 [0.000385938,0.000389936)
 [0.000385938,0.000405841)
 [0.000303926,0.000337835)
 [0.000282481,0.000321377)
