persistence intervals in dim 1:
 [0.0126176,0.0159844)
 [0.012599,0.0131608)
 [0.012195,0.0122193)
 [0.0113692,0.0123711)
 [0.0110705,0.0111911)
 [0.0104156,0.0104279)
 [0.00852472,0.00867822)
 [0.00832435,0.00853153)
 [0.00745985,0.00807209)
 [0.0074073,0.00859938)
 [0.00685189,0.00776073)
 [0.00678351,0.00721211)
 [0.00636633,0.0078447)
 [0.00567941,0.00577565)
 [0.00515531,0.00578053)
 [0.00501616,0.00511037)
 [0.00480687,0.00545951)
 [0.00465098,0.00475631)
 [0.00417886,0.00465846)
 [0.00407262,0.00438322)
 [0.00380766,0.00397599)
 [0.00366606,0.00367185)
 [0.00359318,0.00366481)
 [0.00341179,0.00348465)
 [0.00304183,0.00373397)
 [0.00287766,0.00297422)
 [0.00284048,0.00299018)
 [0.0028366,0.00357611)
 [0.00272328,0.00340325)
 [0.00267225,0.003387)
 [0.00264189,0.0028214)
 [0.00260827,0.00299953)
 [0.00252508,0.00278618)
 [0.00252435,0.00304311)
 [0.00252154,0.00291983)
 [0.0025111,0.00261983)
 [0.00236018,0.0023825)
 [0.00225936,0.00307469)
 [0.00221296,0.00286701)
 [0.0021808,0.00232108)
 [0.00216544,0.00231846)
 [0.00215723,0.00223665)
 [0.00212867,0.00248745)
 [0.00198773,0.00219327)
 [0.00196811,0.0020672)
 [0.00189282,0.00251391)
 [0.00186352,0.00209834)
 [0.00182293,0.00194222)
 [0.001724,0.00197571)
 [0.00169185,0.00172995)
 [0.00167269,0.0017207)
 [0.00165214,0.00229938)
 [0.00164983,0.00190065)
 [0.00164637,0.00171629)
 [0.00158911,0.00170921)
 [0.0015782,0.00198963)
 [0.00149143,0.00167586)
 [0.00147104,0.0015223)
 [0.00140807,0.00143071)
 [0.00140294,0.00184497)
 [0.00139753,0.00151101)
 [0.00139505,0.00143176)
 [0.00139324,0.00144189)
 [0.00132492,0.0015855)
 [0.00130047,0.00142176)
 [0.00129544,0.0014104)
 [0.00126533,0.00158212)
 [0.00126168,0.00137431)
 [0.00125334,0.0017032)
 [0.00125166,0.00129282)
 [0.00123353,0.00143129)
 [0.00122588,0.00122893)
 [0.00120592,0.00143172)
 [0.00120004,0.0012236)
 [0.0011847,0.0012833)
 [0.00118119,0.00123566)
 [0.00116605,0.00121736)
 [0.00115834,0.00131456)
 [0.00115135,0.00125821)
 [0.00114487,0.00129481)
 [0.00113807,0.00150954)
 [0.00113145,0.00121614)
 [0.00112619,0.00170141)
 [0.00110219,0.00114919)
 [0.001095,0.00127639)
 [0.00108222,0.00119302)
 [0.00106691,0.00110485)
 [0.00105968,0.00129921)
 [0.00102462,0.00121808)
 [0.00100179,0.0011999)
 [0.000996918,0.00122975)
 [0.000988724,0.00109912)
 [0.000981487,0.00122305)
 [0.000964334,0.00099446)
 [0.000948467,0.00103269)
 [0.000922379,0.00102446)
 [0.00091391,0.000932434)
 [0.000888854,0.00106503)
 [0.000864125,0.000928175)
 [0.000822245,0.00117549)
 [0.000816307,0.000918652)
 [0.000813332,0.000849289)
 [0.000802353,0.000866459)
 [0.00079527,0.000819374)
 [0.000793205,0.000950353)
 [0.000774809,0.00080045)
 [0.000770679,0.000776999)
 [0.000762377,0.000801392)
 [0.000761526,0.000762881)
 [0.000758317,0.000842761)
 [0.000725006,0.000864453)
 [0.000714405,0.000919699)
 [0.00070471,0.000782294)
 [0.000697474,0.000919109)
 [0.000675939,0.000884079)
 [0.000664538,0.000782294)
 [0.000663155,0.000819608)
 [0.00065267,0.000655096)
 [0.000649007,0.000780307)
 [0.000645842,0.000676529)
 [0.000642477,0.000767832)
 [0.000609629,0.000613718)
 [0.000599551,0.000668335)
 [0.000565315,0.000598332)
 [0.000450571,0.000533077)
 [0.000439985,0.000449481)
 [0.000393031,0.000447187)
