persistence intervals in dim 1:
 [0.0386318,0.0438759)
 [0.0364323,0.0395571)
 [0.0352243,0.0353524)
 [0.0343306,0.0372906)
 [0.0224284,0.0281006)
 [0.0189343,0.0190808)
 [0.0166412,0.0182751)
 [0.0162546,0.0173459)
 [0.0161398,0.0195895)
 [0.0141488,0.0171601)
 [0.0137411,0.0148119)
 [0.0133696,0.0140055)
 [0.0132001,0.0133919)
 [0.0130493,0.0136807)
 [0.0130023,0.0131542)
 [0.0127959,0.0143601)
 [0.0125573,0.0178301)
 [0.0125338,0.0125953)
 [0.0125266,0.0133736)
 [0.0125258,0.0135863)
 [0.0124629,0.0127532)
 [0.012382,0.0127086)
 [0.0118861,0.0119608)
 [0.0118347,0.0141576)
 [0.0117916,0.0132877)
 [0.0116377,0.0116636)
 [0.0113665,0.0119417)
 [0.0110871,0.0120167)
 [0.0110612,0.0115186)
 [0.010948,0.0125864)
 [0.0108907,0.0117053)
 [0.0108462,0.0117967)
 [0.0106446,0.0108112)
 [0.0104787,0.0139558)
 [0.0104681,0.0136115)
 [0.0104631,0.0144739)
 [0.010105,0.0114014)
 [0.0099151,0.00992205)
 [0.00985514,0.0118146)
 [0.0096761,0.0101092)
 [0.00963003,0.0102741)
 [0.00939895,0.0109684)
 [0.00939854,0.00940432)
 [0.00939295,0.0108442)
 [0.00937995,0.00975127)
 [0.00934756,0.00970776)
 [0.00919041,0.00947899)
 [0.00916362,0.00924518)
 [0.00875354,0.0102673)
 [0.00872268,0.00912786)
 [0.00868652,0.00893232)
 [0.008578,0.00871892)
 [0.00854687,0.0102978)
 [0.00851334,0.00910562)
 [0.0083915,0.00916708)
 [0.00836566,0.00910395)
 [0.0082082,0.0123142)
 [0.00813007,0.00883448)
 [0.00796683,0.00827576)
 [0.00793739,0.00881955)
 [0.00781558,0.00972917)
 [0.00780156,0.00836294)
 [0.00771972,0.00810028)
 [0.00768948,0.00930538)
 [0.00746639,0.00747777)
 [0.00736342,0.00759857)
 [0.00732598,0.00796651)
 [0.00729389,0.00741433)
 [0.00722747,0.00767739)
 [0.0071874,0.00720276)
 [0.00709369,0.00709886)
 [0.00702999,0.00822656)
 [0.00697797,0.00774197)
 [0.00695171,0.00985023)
 [0.00692654,0.00865667)
 [0.00691447,0.00823802)
 [0.00670912,0.00783529)
 [0.00668641,0.00685306)
 [0.00665471,0.00746276)
 [0.00649434,0.00958669)
 [0.00644628,0.00649602)
 [0.00644451,0.00976645)
 [0.0063994,0.00682121)
 [0.00639163,0.00660399)
 [0.00631345,0.00640215)
 [0.00628987,0.0066303)
 [0.00624531,0.00836807)
 [0.00622491,0.00716983)
 [0.00621758,0.00761011)
 [0.00621706,0.00816794)
 [0.00609429,0.00812806)
 [0.00606088,0.00621345)
 [0.00605908,0.00768324)
 [0.00602101,0.0065618)
 [0.006002,0.00604045)
 [0.00593065,0.00593288)
 [0.00583758,0.00643207)
 [0.00580991,0.00692433)
 [0.00580825,0.00773341)
 [0.00578989,0.00629257)
 [0.00575904,0.00640146)
 [0.00574862,0.00766859)
 [0.00571673,0.00582304)
 [0.00571238,0.00588492)
 [0.0056902,0.00597106)
 [0.00565458,0.00573956)
 [0.00564205,0.00587412)
 [0.00559801,0.00698688)
 [0.00550744,0.00574802)
 [0.00544819,0.00560628)
 [0.00542059,0.0055529)
 [0.00541825,0.00612863)
 [0.00541219,0.00645494)
 [0.00540258,0.00550562)
 [0.00539419,0.00686483)
 [0.00536713,0.00672972)
 [0.00536377,0.00734891)
 [0.00534546,0.00572329)
 [0.00533636,0.00640365)
 [0.00525502,0.00560108)
 [0.0052493,0.00663325)
 [0.00524186,0.00586321)
 [0.00522687,0.00556882)
 [0.00519263,0.00691226)
 [0.00519258,0.00615939)
 [0.00518386,0.0058664)
 [0.00515553,0.00538211)
 [0.00505621,0.00510547)
 [0.00504778,0.00593039)
 [0.00504298,0.00506864)
 [0.0049651,0.00680767)
 [0.00495898,0.00557968)
 [0.00493126,0.00523818)
 [0.00491291,0.00524661)
 [0.00490592,0.0056876)
 [0.00490044,0.00527626)
 [0.00483152,0.00501331)
 [0.00479644,0.00507468)
 [0.00478419,0.00495102)
 [0.0047819,0.00492971)
 [0.00477306,0.00503695)
 [0.00463682,0.00473627)
 [0.00450859,0.00463846)
 [0.00445007,0.00488357)
 [0.0044238,0.00461832)
 [0.00441352,0.00502065)
 [0.00435735,0.00453382)
 [0.00417694,0.00430216)
 [0.00414873,0.00423397)
 [0.00411215,0.0045994)
 [0.00409333,0.00420788)
 [0.00400017,0.00447585)
 [0.00396438,0.00475115)
 [0.00389236,0.00403964)
 [0.00388743,0.00391133)
 [0.00388113,0.00389554)
 [0.00385679,0.00471726)
 [0.00383686,0.00394266)
 [0.00382802,0.00441582)
 [0.00380683,0.00448372)
 [0.00376043,0.00388369)
 [0.00373173,0.00405119)
 [0.00361337,0.00409902)
 [0.00359325,0.00401696)
 [0.00351011,0.00358549)
 [0.00350979,0.00363441)
 [0.00346344,0.00372784)
 [0.00342029,0.00346695)
 [0.00338979,0.00414622)
 [0.00329468,0.00347959)
 [0.00323921,0.00340628)
 [0.00320614,0.00365823)
 [0.00307197,0.00395271)
 [0.00300096,0.00304861)
 [0.00298476,0.00302395)
 [0.00295359,0.0032054)
 [0.00275144,0.00290206)
 [0.00222099,0.00262882)
 [0.00178799,0.00193625)
 [0.00168427,0.00178197)
 [0.00162952,0.00209022)
 [0.000973569,0.0011647)
