persistence intervals in dim 1:
 [0.00026085,0.00029159)
 [0.000250807,0.000321872)
 [0.000178112,0.000201261)
 [0.000142289,0.000144962)
 [0.000141064,0.000146608)
 [0.000139467,0.000149806)
 [0.000134711,0.000145086)
 [0.00013079,0.000161616)
 [0.000127189,0.000158354)
 [0.000111131,0.000129715)
 [0.000108637,0.000116404)
 [0.000108453,0.000117546)
 [0.000101686,0.000106156)
 [0.000100916,0.000107005)
 [9.50419e-05,0.000110141)
 [9.06972e-05,0.000101124)
 [8.83063e-05,9.43769e-05)
 [8.52641e-05,8.90897e-05)
 [8.43978e-05,0.000101366)
 [8.42257e-05,8.86509e-05)
 [7.98311e-05,8.71149e-05)
 [7.62234e-05,8.78354e-05)
 [7.43102e-05,7.81601e-05)
 [7.35525e-05,7.46726e-05)
 [7.32323e-05,7.43303e-05)
 [7.22979e-05,7.73626e-05)
 [7.18957e-05,7.42225e-05)
 [7.1596e-05,7.8549e-05)
 [7.13371e-05,8.16943e-05)
 [7.01784e-05,7.8721e-05)
 [6.93108e-05,7.45317e-05)
 [6.92893e-05,7.50067e-05)
 [6.69626e-05,6.92026e-05)
 [6.58861e-05,6.67907e-05)
 [6.53147e-05,6.8942e-05)
 [6.48922e-05,7.78269e-05)
 [6.47304e-05,6.54294e-05)
 [6.2873e-05,6.64078e-05)
 [6.27856e-05,6.62493e-05)
 [6.23218e-05,6.30399e-05)
 [6.22978e-05,6.62571e-05)
 [6.09674e-05,6.54675e-05)
 [5.98748e-05,7.6805e-05)
 [5.86259e-05,6.73052e-05)
 [5.7385e-05,6.73647e-05)
 [5.60178e-05,5.67539e-05)
 [5.49544e-05,6.22089e-05)
 [5.44979e-05,6.73052e-05)
 [5.28488e-05,5.61695e-05)
 [5.1971e-05,5.56958e-05)
 [5.14101e-05,6.82126e-05)
 [4.97391e-05,5.21726e-05)
 [4.96991e-05,5.14393e-05)
 [4.92646e-05,5.95734e-05)
 [4.73075e-05,5.37587e-05)
 [4.52217e-05,5.01598e-05)
 [4.37837e-05,4.46875e-05)
 [4.04473e-05,4.22019e-05)
 [3.9332e-05,4.3966e-05)
 [3.83017e-05,4.75078e-05)
 [3.77757e-05,3.84838e-05)
 [3.77492e-05,4.17371e-05)
 [3.70135e-05,4.30465e-05)
 [3.6946e-05,4.23438e-05)
 [3.65649e-05,3.69596e-05)
 [3.64692e-05,3.86265e-05)
 [3.61802e-05,4.5133e-05)
 [3.53413e-05,4.09026e-05)
 [3.33165e-05,3.64141e-05)
 [3.27109e-05,3.55809e-05)
 [3.20157e-05,3.26344e-05)
 [3.13049e-05,3.14643e-05)
 [3.10645e-05,3.15753e-05)
 [3.06597e-05,3.11289e-05)
 [3.0133e-05,3.21559e-05)
 [2.82311e-05,2.94108e-05)
 [2.71663e-05,2.91721e-05)
 [2.70924e-05,3.5242e-05)
 [2.67207e-05,3.18274e-05)
 [2.40416e-05,2.66457e-05)
 [2.38536e-05,2.65516e-05)
 [2.33451e-05,2.34093e-05)
 [2.32811e-05,3.86006e-05)
 [2.28256e-05,2.34307e-05)
 [2.11184e-05,2.36219e-05)
 [2.08566e-05,2.2136e-05)
 [2.08326e-05,2.4556e-05)
 [1.88944e-05,2.11897e-05)
 [1.87884e-05,2.02486e-05)
 [1.87883e-05,1.9105e-05)
 [1.64923e-05,1.79162e-05)
 [1.49667e-05,1.52972e-05)
 [1.40001e-05,1.43178e-05)
 [1.37841e-05,1.40357e-05)
 [1.253e-05,1.64013e-05)
 [1.21244e-05,1.25301e-05)
 [6.40317e-06,7.14148e-06)
