persistence intervals in dim 0:
 [0,7.06599e-05)
 [0,8.71376e-05)
 [0,0.00013423)
 [0,0.000151525)
 [0,0.000159166)
 [0,0.000200338)
 [0,0.000210289)
 [0,0.000212107)
 [0,0.000221855)
 [0,0.000231089)
 [0,0.000275236)
 [0,0.000321846)
 [0,0.000322964)
 [0,0.000336166)
 [0,0.000346782)
 [0,0.000358208)
 [0,0.000363935)
 [0,0.000366139)
 [0,0.00037643)
 [0,0.000377902)
 [0,0.000384512)
 [0,0.000391352)
 [0,0.000391693)
 [0,0.00039562)
 [0,0.000408495)
 [0,0.000416868)
 [0,0.000437633)
 [0,0.000444559)
 [0,0.00045128)
 [0,0.000475364)
 [0,0.000477588)
 [0,0.000477887)
 [0,0.000479508)
 [0,0.000480114)
 [0,0.000483136)
 [0,0.0004833)
 [0,0.000485207)
 [0,0.00050802)
 [0,0.000514512)
 [0,0.00051486)
 [0,0.000515105)
 [0,0.000516526)
 [0,0.000519212)
 [0,0.000520033)
 [0,0.000525621)
 [0,0.000536398)
 [0,0.000546712)
 [0,0.000547189)
 [0,0.000550472)
 [0,0.000554701)
 [0,0.000560911)
 [0,0.000577276)
 [0,0.00058141)
 [0,0.000587615)
 [0,0.000601938)
 [0,0.000603395)
 [0,0.000606808)
 [0,0.000609199)
 [0,0.000613279)
 [0,0.000617853)
 [0,0.000618264)
 [0,0.000624338)
 [0,0.000626352)
 [0,0.000642045)
 [0,0.000642187)
 [0,0.000642557)
 [0,0.000644889)
 [0,0.000646426)
 [0,0.000652242)
 [0,0.000655636)
 [0,0.000656655)
 [0,0.000659553)
 [0,0.00066038)
 [0,0.000666608)
 [0,0.000667054)
 [0,0.000668598)
 [0,0.000670653)
 [0,0.000671647)
 [0,0.000672374)
 [0,0.000679627)
 [0,0.000684464)
 [0,0.000703892)
 [0,0.000704945)
 [0,0.000710869)
 [0,0.000711359)
 [0,0.000713879)
 [0,0.000715747)
 [0,0.000723327)
 [0,0.000724431)
 [0,0.000724647)
 [0,0.000724892)
 [0,0.000729971)
 [0,0.000732194)
 [0,0.000733067)
 [0,0.00073872)
 [0,0.000739527)
 [0,0.000742654)
 [0,0.000744184)
 [0,0.000746131)
 [0,0.000746664)
 [0,0.00074744)
 [0,0.000756806)
 [0,0.000765411)
 [0,0.00076822)
 [0,0.000769171)
 [0,0.000769997)
 [0,0.000776641)
 [0,0.000776686)
 [0,0.000782408)
 [0,0.000783918)
 [0,0.000792059)
 [0,0.000793287)
 [0,0.000797212)
 [0,0.000800426)
 [0,0.000803296)
 [0,0.000803545)
 [0,0.000806033)
 [0,0.000808019)
 [0,0.000809297)
 [0,0.000815646)
 [0,0.000815759)
 [0,0.000818772)
 [0,0.000822725)
 [0,0.000827872)
 [0,0.000828868)
 [0,0.000830967)
 [0,0.000832857)
 [0,0.000840607)
 [0,0.000849627)
 [0,0.0008513)
 [0,0.000878696)
 [0,0.000878702)
 [0,0.000878785)
 [0,0.000882864)
 [0,0.000883023)
 [0,0.000895152)
 [0,0.000900293)
 [0,0.000904364)
 [0,0.000905323)
 [0,0.000906715)
 [0,0.000910735)
 [0,0.00091094)
 [0,0.000912266)
 [0,0.000917038)
 [0,0.000924658)
 [0,0.000927814)
 [0,0.000929315)
 [0,0.000931959)
 [0,0.000933234)
 [0,0.000933401)
 [0,0.000934971)
 [0,0.000937245)
 [0,0.000941471)
 [0,0.000948183)
 [0,0.000952441)
 [0,0.000954253)
 [0,0.00095847)
 [0,0.000959284)
 [0,0.00096367)
 [0,0.0009676)
 [0,0.000973357)
 [0,0.000973699)
 [0,0.000973783)
 [0,0.00097428)
 [0,0.000975729)
 [0,0.000977256)
 [0,0.000980482)
 [0,0.000986202)
 [0,0.000986488)
 [0,0.000991693)
 [0,0.000991756)
 [0,0.000992138)
 [0,0.00100155)
 [0,0.00100155)
 [0,0.00100247)
 [0,0.0010203)
 [0,0.00102227)
 [0,0.00102424)
 [0,0.00102451)
 [0,0.00103487)
 [0,0.00104153)
 [0,0.00104202)
 [0,0.00104314)
 [0,0.00104346)
 [0,0.00104589)
 [0,0.00104772)
 [0,0.00105167)
 [0,0.00105418)
 [0,0.00105585)
 [0,0.00105842)
 [0,0.00105931)
 [0,0.00105968)
 [0,0.0010607)
 [0,0.00106103)
 [0,0.00106204)
 [0,0.00106689)
 [0,0.00106751)
 [0,0.00107119)
 [0,0.00107327)
 [0,0.0010739)
 [0,0.00107513)
 [0,0.00107715)
 [0,0.00108016)
 [0,0.00108017)
 [0,0.00108414)
 [0,0.00109335)
 [0,0.00109931)
 [0,0.00109997)
 [0,0.0011006)
 [0,0.00110096)
 [0,0.00110532)
 [0,0.0011061)
 [0,0.00111545)
 [0,0.00112194)
 [0,0.00112204)
 [0,0.00112258)
 [0,0.00112544)
 [0,0.00112582)
 [0,0.00112762)
 [0,0.0011342)
 [0,0.00113894)
 [0,0.00114792)
 [0,0.00115923)
 [0,0.00116528)
 [0,0.00116646)
 [0,0.00116807)
 [0,0.00116847)
 [0,0.00117425)
 [0,0.00117495)
 [0,0.00117501)
 [0,0.00118091)
 [0,0.00118194)
 [0,0.00118499)
 [0,0.00118628)
 [0,0.00119382)
 [0,0.00119498)
 [0,0.0011952)
 [0,0.00120456)
 [0,0.00120679)
 [0,0.00121273)
 [0,0.00121555)
 [0,0.00122738)
 [0,0.00122799)
 [0,0.00122811)
 [0,0.00122943)
 [0,0.00123036)
 [0,0.00123087)
 [0,0.00123507)
 [0,0.00123566)
 [0,0.00123782)
 [0,0.00124037)
 [0,0.00125041)
 [0,0.00125418)
 [0,0.00125484)
 [0,0.00126207)
 [0,0.00126312)
 [0,0.00126729)
 [0,0.00126908)
 [0,0.00126981)
 [0,0.00127082)
 [0,0.00127239)
 [0,0.00127476)
 [0,0.00127529)
 [0,0.0012759)
 [0,0.00127822)
 [0,0.00128153)
 [0,0.00128372)
 [0,0.00128593)
 [0,0.00128763)
 [0,0.0012887)
 [0,0.00129027)
 [0,0.00129654)
 [0,0.00129733)
 [0,0.00129752)
 [0,0.00129837)
 [0,0.0013044)
 [0,0.00131226)
 [0,0.00131283)
 [0,0.00132065)
 [0,0.00132629)
 [0,0.0013289)
 [0,0.00133471)
 [0,0.00133939)
 [0,0.00134018)
 [0,0.00134162)
 [0,0.00134643)
 [0,0.00134708)
 [0,0.00134785)
 [0,0.00134824)
 [0,0.00135533)
 [0,0.00135733)
 [0,0.00136383)
 [0,0.00136511)
 [0,0.00136882)
 [0,0.00136886)
 [0,0.00137316)
 [0,0.00137374)
 [0,0.00137418)
 [0,0.00138016)
 [0,0.00138042)
 [0,0.00138284)
 [0,0.00138342)
 [0,0.00138528)
 [0,0.00138556)
 [0,0.00138706)
 [0,0.00138871)
 [0,0.00138947)
 [0,0.00139113)
 [0,0.0014028)
 [0,0.00140439)
 [0,0.00140869)
 [0,0.00141173)
 [0,0.00141299)
 [0,0.00141421)
 [0,0.00141469)
 [0,0.00141473)
 [0,0.001418)
 [0,0.00143075)
 [0,0.00143219)
 [0,0.0014326)
 [0,0.00143272)
 [0,0.00143678)
 [0,0.00143856)
 [0,0.00144219)
 [0,0.0014431)
 [0,0.0014473)
 [0,0.0014481)
 [0,0.00145298)
 [0,0.00145392)
 [0,0.00145421)
 [0,0.0014543)
 [0,0.00145592)
 [0,0.00145824)
 [0,0.00145829)
 [0,0.00145869)
 [0,0.00146522)
 [0,0.0014668)
 [0,0.00146715)
 [0,0.0014708)
 [0,0.0014825)
 [0,0.00148545)
 [0,0.00148785)
 [0,0.00149921)
 [0,0.00150428)
 [0,0.00150524)
 [0,0.00150536)
 [0,0.00150688)
 [0,0.00150986)
 [0,0.00151323)
 [0,0.00151524)
 [0,0.00151897)
 [0,0.00152105)
 [0,0.00152155)
 [0,0.00152239)
 [0,0.00152419)
 [0,0.00152484)
 [0,0.0015256)
 [0,0.00152765)
 [0,0.0015283)
 [0,0.00153362)
 [0,0.00153547)
 [0,0.00153751)
 [0,0.00153933)
 [0,0.00153974)
 [0,0.00154204)
 [0,0.00155377)
 [0,0.00155487)
 [0,0.00155577)
 [0,0.00156195)
 [0,0.00156236)
 [0,0.00156264)
 [0,0.00156591)
 [0,0.00157001)
 [0,0.00157705)
 [0,0.00157756)
 [0,0.00157891)
 [0,0.0015803)
 [0,0.00158047)
 [0,0.00158422)
 [0,0.00158865)
 [0,0.00159217)
 [0,0.00159254)
 [0,0.00159295)
 [0,0.00159445)
 [0,0.00159537)
 [0,0.00159663)
 [0,0.00159697)
 [0,0.00159716)
 [0,0.00159846)
 [0,0.00160043)
 [0,0.00160164)
 [0,0.00160933)
 [0,0.00160982)
 [0,0.00160991)
 [0,0.00161114)
 [0,0.00161174)
 [0,0.00161442)
 [0,0.00161529)
 [0,0.00162091)
 [0,0.00162712)
 [0,0.00162776)
 [0,0.00163026)
 [0,0.00163481)
 [0,0.00163658)
 [0,0.00164046)
 [0,0.00164145)
 [0,0.00165564)
 [0,0.00165829)
 [0,0.00165853)
 [0,0.00165965)
 [0,0.00166308)
 [0,0.00166561)
 [0,0.00166633)
 [0,0.0016717)
 [0,0.00167622)
 [0,0.00167988)
 [0,0.00168314)
 [0,0.00169043)
 [0,0.00169128)
 [0,0.00169269)
 [0,0.0016967)
 [0,0.00169901)
 [0,0.00169938)
 [0,0.00170732)
 [0,0.00170853)
 [0,0.00170902)
 [0,0.00171149)
 [0,0.00171242)
 [0,0.00171303)
 [0,0.00171488)
 [0,0.00171679)
 [0,0.00171952)
 [0,0.00173142)
 [0,0.00173583)
 [0,0.00173974)
 [0,0.00174808)
 [0,0.00174837)
 [0,0.00175128)
 [0,0.00175327)
 [0,0.00176511)
 [0,0.00177044)
 [0,0.00177392)
 [0,0.00177403)
 [0,0.00177412)
 [0,0.00178066)
 [0,0.00179071)
 [0,0.00179172)
 [0,0.00179736)
 [0,0.00179762)
 [0,0.00180072)
 [0,0.00180405)
 [0,0.0018063)
 [0,0.00182371)
 [0,0.00182597)
 [0,0.00182801)
 [0,0.00182914)
 [0,0.00182951)
 [0,0.00183381)
 [0,0.00184755)
 [0,0.00184803)
 [0,0.00184994)
 [0,0.00185373)
 [0,0.00185388)
 [0,0.00186364)
 [0,0.00186396)
 [0,0.00188063)
 [0,0.00188499)
 [0,0.00188956)
 [0,0.00189327)
 [0,0.00189518)
 [0,0.00190595)
 [0,0.00190733)
 [0,0.00190823)
 [0,0.00190838)
 [0,0.00191378)
 [0,0.00191732)
 [0,0.00192037)
 [0,0.00192247)
 [0,0.00193012)
 [0,0.00193081)
 [0,0.00193139)
 [0,0.00193281)
 [0,0.00193701)
 [0,0.00194528)
 [0,0.00194817)
 [0,0.00195175)
 [0,0.00195544)
 [0,0.00195934)
 [0,0.0019599)
 [0,0.00196814)
 [0,0.00197079)
 [0,0.00197687)
 [0,0.00197896)
 [0,0.00198048)
 [0,0.00198218)
 [0,0.00198463)
 [0,0.00198466)
 [0,0.00198802)
 [0,0.00199012)
 [0,0.00199169)
 [0,0.00199291)
 [0,0.00199597)
 [0,0.00200642)
 [0,0.00202454)
 [0,0.00203103)
 [0,0.00203192)
 [0,0.00204654)
 [0,0.00205083)
 [0,0.00205204)
 [0,0.00206013)
 [0,0.00206133)
 [0,0.00206429)
 [0,0.00206723)
 [0,0.00207528)
 [0,0.00207841)
 [0,0.00208412)
 [0,0.00208818)
 [0,0.00209734)
 [0,0.0020989)
 [0,0.00210696)
 [0,0.00211262)
 [0,0.00213408)
 [0,0.00213539)
 [0,0.0021355)
 [0,0.00213811)
 [0,0.00214301)
 [0,0.00214331)
 [0,0.00215313)
 [0,0.00215775)
 [0,0.00216339)
 [0,0.00217029)
 [0,0.0021706)
 [0,0.00217077)
 [0,0.00217287)
 [0,0.00217352)
 [0,0.00217388)
 [0,0.00218219)
 [0,0.00218706)
 [0,0.00218775)
 [0,0.0021899)
 [0,0.00220305)
 [0,0.00220312)
 [0,0.00220463)
 [0,0.00220525)
 [0,0.00220827)
 [0,0.00221219)
 [0,0.00221633)
 [0,0.00222543)
 [0,0.00223261)
 [0,0.00223264)
 [0,0.00223684)
 [0,0.00224071)
 [0,0.00224364)
 [0,0.00224453)
 [0,0.00224551)
 [0,0.00224737)
 [0,0.00224742)
 [0,0.00225709)
 [0,0.00225833)
 [0,0.00226254)
 [0,0.00226878)
 [0,0.00227399)
 [0,0.00227453)
 [0,0.0022756)
 [0,0.00227672)
 [0,0.00227713)
 [0,0.00227927)
 [0,0.00227933)
 [0,0.00229018)
 [0,0.00229309)
 [0,0.00229351)
 [0,0.00229568)
 [0,0.00230222)
 [0,0.00231173)
 [0,0.002317)
 [0,0.00231877)
 [0,0.00232523)
 [0,0.0023259)
 [0,0.00232874)
 [0,0.00233361)
 [0,0.00234187)
 [0,0.00234994)
 [0,0.00235543)
 [0,0.00236157)
 [0,0.00236165)
 [0,0.00236237)
 [0,0.00236555)
 [0,0.0023685)
 [0,0.00237651)
 [0,0.00238954)
 [0,0.00238984)
 [0,0.00239842)
 [0,0.00239916)
 [0,0.00240416)
 [0,0.00240635)
 [0,0.00240765)
 [0,0.00240903)
 [0,0.00240958)
 [0,0.00241326)
 [0,0.00241567)
 [0,0.00241606)
 [0,0.00242771)
 [0,0.00243189)
 [0,0.00243326)
 [0,0.00243709)
 [0,0.00244341)
 [0,0.00244641)
 [0,0.00244899)
 [0,0.00244971)
 [0,0.00245327)
 [0,0.00247169)
 [0,0.00247579)
 [0,0.00248714)
 [0,0.00249)
 [0,0.00249098)
 [0,0.00249178)
 [0,0.00249698)
 [0,0.00249941)
 [0,0.00250003)
 [0,0.00250019)
 [0,0.00250965)
 [0,0.00251286)
 [0,0.00251507)
 [0,0.00251834)
 [0,0.0025226)
 [0,0.00252527)
 [0,0.00252537)
 [0,0.00252573)
 [0,0.00252643)
 [0,0.00253476)
 [0,0.00254016)
 [0,0.00254207)
 [0,0.00254251)
 [0,0.00254657)
 [0,0.00255992)
 [0,0.00256548)
 [0,0.00256586)
 [0,0.00256738)
 [0,0.00256807)
 [0,0.00256887)
 [0,0.00257205)
 [0,0.00258055)
 [0,0.00258253)
 [0,0.00260198)
 [0,0.00260616)
 [0,0.00260747)
 [0,0.00261016)
 [0,0.00261055)
 [0,0.00261182)
 [0,0.00261478)
 [0,0.00261545)
 [0,0.00262999)
 [0,0.0026333)
 [0,0.0026371)
 [0,0.00264051)
 [0,0.00264921)
 [0,0.0026544)
 [0,0.00266377)
 [0,0.00266405)
 [0,0.00266772)
 [0,0.00266882)
 [0,0.00267596)
 [0,0.00268059)
 [0,0.00268226)
 [0,0.00268571)
 [0,0.00269097)
 [0,0.00269388)
 [0,0.00269556)
 [0,0.00270331)
 [0,0.00270906)
 [0,0.00271043)
 [0,0.00271664)
 [0,0.00271764)
 [0,0.00272204)
 [0,0.00272213)
 [0,0.00274226)
 [0,0.00274397)
 [0,0.00274709)
 [0,0.00274857)
 [0,0.00275023)
 [0,0.00275521)
 [0,0.00277267)
 [0,0.00277774)
 [0,0.00278038)
 [0,0.00278101)
 [0,0.00279181)
 [0,0.00279211)
 [0,0.00279328)
 [0,0.0027969)
 [0,0.00280608)
 [0,0.00281068)
 [0,0.0028156)
 [0,0.00281708)
 [0,0.00282279)
 [0,0.0028306)
 [0,0.00284053)
 [0,0.00284205)
 [0,0.00284644)
 [0,0.00285045)
 [0,0.00285317)
 [0,0.00286766)
 [0,0.0028685)
 [0,0.00287014)
 [0,0.00287181)
 [0,0.00287213)
 [0,0.00288741)
 [0,0.00289212)
 [0,0.0028963)
 [0,0.00289815)
 [0,0.00290098)
 [0,0.0029025)
 [0,0.00290368)
 [0,0.00290394)
 [0,0.0029117)
 [0,0.00293451)
 [0,0.00295451)
 [0,0.0029546)
 [0,0.00295757)
 [0,0.00296222)
 [0,0.00297067)
 [0,0.00298619)
 [0,0.00300781)
 [0,0.00302168)
 [0,0.00302458)
 [0,0.00302656)
 [0,0.00303429)
 [0,0.00303896)
 [0,0.00304733)
 [0,0.00304966)
 [0,0.00305097)
 [0,0.00305467)
 [0,0.00306161)
 [0,0.00306365)
 [0,0.00307028)
 [0,0.00307117)
 [0,0.00307892)
 [0,0.00308103)
 [0,0.00308155)
 [0,0.00308248)
 [0,0.00308588)
 [0,0.00309435)
 [0,0.00309438)
 [0,0.00309643)
 [0,0.00309875)
 [0,0.00309954)
 [0,0.00310638)
 [0,0.00312187)
 [0,0.00312742)
 [0,0.0031399)
 [0,0.0031598)
 [0,0.00317789)
 [0,0.00319337)
 [0,0.00321064)
 [0,0.00323002)
 [0,0.00323788)
 [0,0.00324572)
 [0,0.00325186)
 [0,0.00325982)
 [0,0.00326383)
 [0,0.00326551)
 [0,0.00326576)
 [0,0.00326664)
 [0,0.00327252)
 [0,0.00327438)
 [0,0.0032814)
 [0,0.00330517)
 [0,0.00333895)
 [0,0.00333951)
 [0,0.0033404)
 [0,0.00335136)
 [0,0.00336208)
 [0,0.00337411)
 [0,0.00337876)
 [0,0.00339336)
 [0,0.00341933)
 [0,0.00342216)
 [0,0.00344567)
 [0,0.00344848)
 [0,0.0034592)
 [0,0.00345962)
 [0,0.00346342)
 [0,0.00348297)
 [0,0.00348301)
 [0,0.00349403)
 [0,0.00351015)
 [0,0.00351132)
 [0,0.00351677)
 [0,0.00353131)
 [0,0.00353551)
 [0,0.00354345)
 [0,0.00355144)
 [0,0.00356916)
 [0,0.00356995)
 [0,0.00358923)
 [0,0.00359292)
 [0,0.00361603)
 [0,0.00363726)
 [0,0.00365892)
 [0,0.00366125)
 [0,0.00366543)
 [0,0.00367122)
 [0,0.00368186)
 [0,0.00370265)
 [0,0.00371061)
 [0,0.00371554)
 [0,0.00371689)
 [0,0.00372325)
 [0,0.00374487)
 [0,0.00374851)
 [0,0.0037589)
 [0,0.00376239)
 [0,0.00376668)
 [0,0.00377063)
 [0,0.0037741)
 [0,0.00378106)
 [0,0.00378208)
 [0,0.00378648)
 [0,0.00379447)
 [0,0.0038104)
 [0,0.00382528)
 [0,0.00384507)
 [0,0.00389469)
 [0,0.00391001)
 [0,0.00391885)
 [0,0.00393475)
 [0,0.00393977)
 [0,0.00397693)
 [0,0.00399092)
 [0,0.00399413)
 [0,0.00405851)
 [0,0.00406512)
 [0,0.00407287)
 [0,0.00408682)
 [0,0.00409982)
 [0,0.00410549)
 [0,0.00410981)
 [0,0.00413746)
 [0,0.00417362)
 [0,0.00418609)
 [0,0.00419739)
 [0,0.00420614)
 [0,0.00420929)
 [0,0.00421639)
 [0,0.00422617)
 [0,0.00422966)
 [0,0.0042343)
 [0,0.00426666)
 [0,0.00427149)
 [0,0.00429296)
 [0,0.0043282)
 [0,0.00434173)
 [0,0.00434468)
 [0,0.00435532)
 [0,0.00437414)
 [0,0.00440902)
 [0,0.00442632)
 [0,0.00443198)
 [0,0.00444437)
 [0,0.00450218)
 [0,0.00450842)
 [0,0.00451691)
 [0,0.00452377)
 [0,0.00453311)
 [0,0.00458311)
 [0,0.004585)
 [0,0.00458898)
 [0,0.00466205)
 [0,0.00466545)
 [0,0.00467751)
 [0,0.00471793)
 [0,0.00472751)
 [0,0.00473724)
 [0,0.00475192)
 [0,0.00478397)
 [0,0.00479451)
 [0,0.00479943)
 [0,0.00480545)
 [0,0.00485017)
 [0,0.00486742)
 [0,0.00487035)
 [0,0.00487407)
 [0,0.00492001)
 [0,0.0049568)
 [0,0.00505996)
 [0,0.00506186)
 [0,0.00506223)
 [0,0.0050698)
 [0,0.00512657)
 [0,0.00526394)
 [0,0.005264)
 [0,0.00530519)
 [0,0.00537156)
 [0,0.00541185)
 [0,0.00542482)
 [0,0.0054305)
 [0,0.0054419)
 [0,0.00545706)
 [0,0.00547046)
 [0,0.00547735)
 [0,0.00553687)
 [0,0.00555226)
 [0,0.00561071)
 [0,0.00563365)
 [0,0.00566285)
 [0,0.00570525)
 [0,0.00587434)
 [0,0.00589161)
 [0,0.00600207)
 [0,0.00603001)
 [0,0.00612537)
 [0,0.00622227)
 [0,0.00631905)
 [0,0.00636115)
 [0,0.00636523)
 [0,0.00639366)
 [0,0.00645028)
 [0,0.00650077)
 [0,0.00650594)
 [0,0.00655572)
 [0,0.00657722)
 [0,0.00659941)
 [0,0.00666725)
 [0,0.00668407)
 [0,0.00669344)
 [0,0.00678383)
 [0,0.00684033)
 [0,0.00686572)
 [0,0.00689416)
 [0,0.00695572)
 [0,0.00713092)
 [0,0.00716148)
 [0,0.00717101)
 [0,0.00720851)
 [0,0.00724189)
 [0,0.00733907)
 [0,0.00743344)
 [0,0.00745133)
 [0,0.00745589)
 [0,0.00754281)
 [0,0.00760013)
 [0,0.00772187)
 [0,0.00777968)
 [0,0.00789871)
 [0,0.00791697)
 [0,0.0081209)
 [0,0.00837122)
 [0,0.00837306)
 [0,0.00845048)
 [0,0.00852947)
 [0,0.00872897)
 [0,0.00876972)
 [0,0.00886739)
 [0,0.00889798)
 [0,0.00895707)
 [0,0.0090237)
 [0,0.00910902)
 [0,0.0091596)
 [0,0.00923607)
 [0,0.00941405)
 [0,0.00964563)
 [0,0.00966803)
 [0,0.00973596)
 [0,0.00994398)
 [0,0.0100411)
 [0,0.010056)
 [0,0.0101111)
 [0,0.0101427)
 [0,0.0102769)
 [0,0.0106535)
 [0,0.0108557)
 [0,0.0109035)
 [0,0.0110058)
 [0,0.0125486)
 [0,0.0126489)
 [0,0.0130762)
 [0,0.0135112)
 [0,0.0135938)
 [0,0.0139114)
 [0,0.0140212)
 [0,0.0147167)
 [0,0.0151602)
 [0,0.0159133)
 [0,0.016009)
 [0,0.0163164)
 [0,0.0174147)
 [0,0.0182219)
 [0,0.0184433)
 [0,0.0186204)
 [0,0.0199282)
 [0,0.0213366)
 [0,0.0234847)
 [0,0.026511)
 [0,0.0301114)
 [0,0.0315794)
 [0,0.0349822)
 [0,0.0440878)
 [0,0.0756543)
 [0,0.119458)
 [0,0.270802)
 [0, )
