persistence intervals in dim 0:
 [0,0.000109529)
 [0,0.000110194)
 [0,0.000112038)
 [0,0.000118437)
 [0,0.00023691)
 [0,0.000249876)
 [0,0.000273724)
 [0,0.000277915)
 [0,0.000278228)
 [0,0.000296713)
 [0,0.000306851)
 [0,0.000310802)
 [0,0.000325899)
 [0,0.00032692)
 [0,0.000329865)
 [0,0.000348798)
 [0,0.000348848)
 [0,0.00035198)
 [0,0.000373131)
 [0,0.000380678)
 [0,0.000383082)
 [0,0.000388676)
 [0,0.000401166)
 [0,0.000401257)
 [0,0.000412495)
 [0,0.000413036)
 [0,0.000414059)
 [0,0.000414777)
 [0,0.000417429)
 [0,0.000431328)
 [0,0.000444125)
 [0,0.000445451)
 [0,0.000445825)
 [0,0.000446784)
 [0,0.000455236)
 [0,0.000455468)
 [0,0.000455738)
 [0,0.000463739)
 [0,0.000464402)
 [0,0.000473671)
 [0,0.000475171)
 [0,0.000482048)
 [0,0.000485461)
 [0,0.000494449)
 [0,0.000496515)
 [0,0.000497769)
 [0,0.000497981)
 [0,0.000500891)
 [0,0.000501638)
 [0,0.000503549)
 [0,0.000504453)
 [0,0.000505362)
 [0,0.000506555)
 [0,0.000509731)
 [0,0.00051509)
 [0,0.000528788)
 [0,0.000532363)
 [0,0.000533545)
 [0,0.000535535)
 [0,0.000536213)
 [0,0.00053869)
 [0,0.000542508)
 [0,0.000544684)
 [0,0.000551638)
 [0,0.000557598)
 [0,0.000560596)
 [0,0.000560975)
 [0,0.000561889)
 [0,0.000562499)
 [0,0.000571528)
 [0,0.000572278)
 [0,0.000573702)
 [0,0.000574788)
 [0,0.000574932)
 [0,0.000580105)
 [0,0.000580932)
 [0,0.000584797)
 [0,0.000584939)
 [0,0.000586372)
 [0,0.000592014)
 [0,0.000593461)
 [0,0.00059759)
 [0,0.000598926)
 [0,0.000602204)
 [0,0.000615663)
 [0,0.0006195)
 [0,0.00062043)
 [0,0.00062142)
 [0,0.000621505)
 [0,0.000625396)
 [0,0.000629662)
 [0,0.000630437)
 [0,0.000631561)
 [0,0.000635487)
 [0,0.000635774)
 [0,0.000637845)
 [0,0.000638495)
 [0,0.000639036)
 [0,0.00063939)
 [0,0.000639667)
 [0,0.000642806)
 [0,0.000649862)
 [0,0.000655898)
 [0,0.00065737)
 [0,0.000657741)
 [0,0.000658042)
 [0,0.000659582)
 [0,0.000660666)
 [0,0.000665373)
 [0,0.000665879)
 [0,0.000666379)
 [0,0.000666488)
 [0,0.000668573)
 [0,0.000669788)
 [0,0.000669881)
 [0,0.00067133)
 [0,0.000675333)
 [0,0.000678678)
 [0,0.000681725)
 [0,0.000681897)
 [0,0.000681961)
 [0,0.000682822)
 [0,0.000685821)
 [0,0.000686147)
 [0,0.000694237)
 [0,0.000696263)
 [0,0.000704156)
 [0,0.000719174)
 [0,0.000721334)
 [0,0.000721976)
 [0,0.000723428)
 [0,0.000723729)
 [0,0.000724704)
 [0,0.000724841)
 [0,0.000725198)
 [0,0.000729334)
 [0,0.000729381)
 [0,0.000731785)
 [0,0.000738052)
 [0,0.000740635)
 [0,0.000743294)
 [0,0.000747102)
 [0,0.000747211)
 [0,0.000748504)
 [0,0.000752353)
 [0,0.000756316)
 [0,0.000757248)
 [0,0.000757825)
 [0,0.00075981)
 [0,0.000760754)
 [0,0.000760866)
 [0,0.000763523)
 [0,0.000764968)
 [0,0.000766401)
 [0,0.000768276)
 [0,0.000776342)
 [0,0.000780174)
 [0,0.000780662)
 [0,0.00078552)
 [0,0.000786413)
 [0,0.000789309)
 [0,0.000792387)
 [0,0.000793017)
 [0,0.0007971)
 [0,0.000798567)
 [0,0.000800073)
 [0,0.000805165)
 [0,0.000806567)
 [0,0.000806633)
 [0,0.000808021)
 [0,0.000808633)
 [0,0.000808921)
 [0,0.000809696)
 [0,0.000811583)
 [0,0.000811964)
 [0,0.000814112)
 [0,0.000814179)
 [0,0.000817923)
 [0,0.0008181)
 [0,0.000821389)
 [0,0.000822493)
 [0,0.000822803)
 [0,0.000827214)
 [0,0.000827515)
 [0,0.000829697)
 [0,0.000829833)
 [0,0.000832092)
 [0,0.000832798)
 [0,0.000833522)
 [0,0.000834604)
 [0,0.000839198)
 [0,0.000840003)
 [0,0.000841459)
 [0,0.000845235)
 [0,0.000846213)
 [0,0.000847057)
 [0,0.000848134)
 [0,0.000848173)
 [0,0.00084839)
 [0,0.000850585)
 [0,0.000851615)
 [0,0.000853509)
 [0,0.000855296)
 [0,0.000857734)
 [0,0.000859381)
 [0,0.00085965)
 [0,0.000864089)
 [0,0.000865218)
 [0,0.000865818)
 [0,0.000866393)
 [0,0.000867359)
 [0,0.000867718)
 [0,0.000869243)
 [0,0.000869347)
 [0,0.000881818)
 [0,0.000882792)
 [0,0.000884486)
 [0,0.00088834)
 [0,0.000888926)
 [0,0.000889671)
 [0,0.000890105)
 [0,0.000890834)
 [0,0.000891125)
 [0,0.000892096)
 [0,0.000895734)
 [0,0.000897245)
 [0,0.000900383)
 [0,0.000900682)
 [0,0.000902244)
 [0,0.000902416)
 [0,0.000907769)
 [0,0.000909129)
 [0,0.000909919)
 [0,0.000911519)
 [0,0.00091296)
 [0,0.000914238)
 [0,0.000915339)
 [0,0.000917103)
 [0,0.000918302)
 [0,0.000918491)
 [0,0.000922183)
 [0,0.000922832)
 [0,0.000924089)
 [0,0.000925289)
 [0,0.000925612)
 [0,0.000928128)
 [0,0.000929323)
 [0,0.000929765)
 [0,0.000934463)
 [0,0.00093477)
 [0,0.000934951)
 [0,0.000935555)
 [0,0.000936436)
 [0,0.000937168)
 [0,0.000941666)
 [0,0.00094225)
 [0,0.000942288)
 [0,0.000943185)
 [0,0.000943497)
 [0,0.000944308)
 [0,0.000944763)
 [0,0.000946153)
 [0,0.000947383)
 [0,0.000949956)
 [0,0.000961842)
 [0,0.000961874)
 [0,0.000963025)
 [0,0.000964387)
 [0,0.000964922)
 [0,0.000965073)
 [0,0.000965363)
 [0,0.000970113)
 [0,0.000972836)
 [0,0.000974715)
 [0,0.000976457)
 [0,0.000977946)
 [0,0.000979438)
 [0,0.000980148)
 [0,0.000981079)
 [0,0.000983647)
 [0,0.000983981)
 [0,0.000988205)
 [0,0.000988856)
 [0,0.00098973)
 [0,0.000991295)
 [0,0.000992452)
 [0,0.000995472)
 [0,0.00099871)
 [0,0.00100259)
 [0,0.0010048)
 [0,0.00100515)
 [0,0.0010057)
 [0,0.0010071)
 [0,0.00100989)
 [0,0.00101026)
 [0,0.00101204)
 [0,0.00101522)
 [0,0.00101658)
 [0,0.00101977)
 [0,0.00102037)
 [0,0.00102163)
 [0,0.00102204)
 [0,0.00102205)
 [0,0.00102247)
 [0,0.00102459)
 [0,0.00102466)
 [0,0.0010272)
 [0,0.00103296)
 [0,0.00103459)
 [0,0.00103569)
 [0,0.00103685)
 [0,0.00104005)
 [0,0.00104074)
 [0,0.00104168)
 [0,0.00104422)
 [0,0.00104533)
 [0,0.00104949)
 [0,0.00105153)
 [0,0.00105499)
 [0,0.00105528)
 [0,0.00106166)
 [0,0.00106172)
 [0,0.00106173)
 [0,0.00106398)
 [0,0.00106686)
 [0,0.0010671)
 [0,0.00106847)
 [0,0.00107106)
 [0,0.00107143)
 [0,0.00107341)
 [0,0.00107527)
 [0,0.0010754)
 [0,0.00107556)
 [0,0.00107572)
 [0,0.00107719)
 [0,0.00107741)
 [0,0.00107983)
 [0,0.00108224)
 [0,0.00108257)
 [0,0.00108308)
 [0,0.00108372)
 [0,0.00108578)
 [0,0.00108706)
 [0,0.00109011)
 [0,0.00109073)
 [0,0.00109183)
 [0,0.00109266)
 [0,0.00109378)
 [0,0.00109658)
 [0,0.00110053)
 [0,0.00110153)
 [0,0.00110471)
 [0,0.00110783)
 [0,0.00111059)
 [0,0.00111063)
 [0,0.00111462)
 [0,0.0011154)
 [0,0.00111632)
 [0,0.00112307)
 [0,0.0011245)
 [0,0.00112742)
 [0,0.00112778)
 [0,0.00112852)
 [0,0.00112913)
 [0,0.0011294)
 [0,0.00113162)
 [0,0.00113504)
 [0,0.00113659)
 [0,0.0011386)
 [0,0.00114137)
 [0,0.00114143)
 [0,0.00114459)
 [0,0.00114699)
 [0,0.00115049)
 [0,0.00115092)
 [0,0.00115256)
 [0,0.00115487)
 [0,0.00115789)
 [0,0.00115922)
 [0,0.00116308)
 [0,0.00116871)
 [0,0.00116908)
 [0,0.00116992)
 [0,0.00117023)
 [0,0.00117558)
 [0,0.00117696)
 [0,0.00117965)
 [0,0.00118011)
 [0,0.00118166)
 [0,0.00118265)
 [0,0.00118311)
 [0,0.00118323)
 [0,0.00118602)
 [0,0.00118651)
 [0,0.00118721)
 [0,0.00118727)
 [0,0.00118889)
 [0,0.0011906)
 [0,0.00119103)
 [0,0.00119269)
 [0,0.00119573)
 [0,0.00119728)
 [0,0.00120063)
 [0,0.00120476)
 [0,0.00120642)
 [0,0.00120675)
 [0,0.00120964)
 [0,0.00121264)
 [0,0.00121438)
 [0,0.00121512)
 [0,0.00121589)
 [0,0.00121803)
 [0,0.00121818)
 [0,0.00122047)
 [0,0.0012212)
 [0,0.00122203)
 [0,0.00122277)
 [0,0.00122579)
 [0,0.00122712)
 [0,0.00122943)
 [0,0.00122998)
 [0,0.00123474)
 [0,0.00123545)
 [0,0.00123874)
 [0,0.00123948)
 [0,0.00124097)
 [0,0.0012413)
 [0,0.0012448)
 [0,0.00124576)
 [0,0.00124735)
 [0,0.00124762)
 [0,0.00124829)
 [0,0.0012484)
 [0,0.00125036)
 [0,0.00125041)
 [0,0.00125288)
 [0,0.00125801)
 [0,0.001263)
 [0,0.00126514)
 [0,0.00126662)
 [0,0.00126921)
 [0,0.00127185)
 [0,0.00127216)
 [0,0.00127218)
 [0,0.00127613)
 [0,0.00127776)
 [0,0.00127836)
 [0,0.00127956)
 [0,0.0012796)
 [0,0.0012803)
 [0,0.00128056)
 [0,0.001283)
 [0,0.00128403)
 [0,0.00128415)
 [0,0.00128696)
 [0,0.00128701)
 [0,0.00128791)
 [0,0.0012881)
 [0,0.00128894)
 [0,0.00128976)
 [0,0.00129005)
 [0,0.00129056)
 [0,0.00129248)
 [0,0.00129476)
 [0,0.00129651)
 [0,0.00129793)
 [0,0.0012988)
 [0,0.00129882)
 [0,0.00130248)
 [0,0.00130319)
 [0,0.00130323)
 [0,0.00130617)
 [0,0.00130847)
 [0,0.00131001)
 [0,0.00131049)
 [0,0.00131093)
 [0,0.00131443)
 [0,0.00131764)
 [0,0.00131935)
 [0,0.00131941)
 [0,0.00131969)
 [0,0.00132095)
 [0,0.00132277)
 [0,0.0013233)
 [0,0.00132345)
 [0,0.00132708)
 [0,0.00132788)
 [0,0.00132996)
 [0,0.00133045)
 [0,0.00133096)
 [0,0.00133216)
 [0,0.00133517)
 [0,0.00133727)
 [0,0.00133831)
 [0,0.0013409)
 [0,0.00134867)
 [0,0.00135055)
 [0,0.00135109)
 [0,0.00135146)
 [0,0.00135336)
 [0,0.00135493)
 [0,0.00135682)
 [0,0.00136011)
 [0,0.00136209)
 [0,0.0013623)
 [0,0.00136347)
 [0,0.00136429)
 [0,0.00136498)
 [0,0.00136612)
 [0,0.0013663)
 [0,0.00136719)
 [0,0.00136728)
 [0,0.00136836)
 [0,0.00137035)
 [0,0.00137416)
 [0,0.0013761)
 [0,0.00137652)
 [0,0.00137816)
 [0,0.00138168)
 [0,0.00138233)
 [0,0.00138275)
 [0,0.00138939)
 [0,0.00139092)
 [0,0.00140029)
 [0,0.00140196)
 [0,0.00140589)
 [0,0.00140837)
 [0,0.00140949)
 [0,0.00141434)
 [0,0.00141513)
 [0,0.00142034)
 [0,0.00142059)
 [0,0.00142573)
 [0,0.00142793)
 [0,0.00142878)
 [0,0.00143243)
 [0,0.00143313)
 [0,0.00143496)
 [0,0.00143576)
 [0,0.00143921)
 [0,0.00144191)
 [0,0.00144207)
 [0,0.00144273)
 [0,0.00144464)
 [0,0.00144511)
 [0,0.00144541)
 [0,0.00144616)
 [0,0.00144656)
 [0,0.00144838)
 [0,0.00145016)
 [0,0.0014514)
 [0,0.00145458)
 [0,0.00145508)
 [0,0.00145657)
 [0,0.00145751)
 [0,0.00146342)
 [0,0.00146452)
 [0,0.00146587)
 [0,0.00146648)
 [0,0.00147062)
 [0,0.00147371)
 [0,0.00147658)
 [0,0.00148346)
 [0,0.00149006)
 [0,0.00149357)
 [0,0.00149394)
 [0,0.00149399)
 [0,0.00149403)
 [0,0.00149983)
 [0,0.0015052)
 [0,0.00150529)
 [0,0.00150966)
 [0,0.00151095)
 [0,0.00151121)
 [0,0.00151448)
 [0,0.00151599)
 [0,0.00152204)
 [0,0.0015222)
 [0,0.00152223)
 [0,0.0015233)
 [0,0.00152505)
 [0,0.00152542)
 [0,0.00152729)
 [0,0.00152806)
 [0,0.00152923)
 [0,0.00153399)
 [0,0.00153503)
 [0,0.00153671)
 [0,0.00153719)
 [0,0.00153928)
 [0,0.00153984)
 [0,0.00155087)
 [0,0.00155133)
 [0,0.00155138)
 [0,0.00155186)
 [0,0.0015586)
 [0,0.00155889)
 [0,0.00155916)
 [0,0.0015628)
 [0,0.00156318)
 [0,0.00156543)
 [0,0.00156786)
 [0,0.00156895)
 [0,0.00157527)
 [0,0.00157797)
 [0,0.00158356)
 [0,0.00158506)
 [0,0.00158851)
 [0,0.00159026)
 [0,0.00159109)
 [0,0.00159297)
 [0,0.0015933)
 [0,0.00159493)
 [0,0.00159683)
 [0,0.00159717)
 [0,0.00159773)
 [0,0.00159853)
 [0,0.00160128)
 [0,0.00160159)
 [0,0.00160715)
 [0,0.00160786)
 [0,0.0016099)
 [0,0.00161106)
 [0,0.00161195)
 [0,0.00162124)
 [0,0.00162256)
 [0,0.00162443)
 [0,0.00162928)
 [0,0.00163082)
 [0,0.00163238)
 [0,0.00163394)
 [0,0.00163565)
 [0,0.0016379)
 [0,0.00164176)
 [0,0.00164317)
 [0,0.00164587)
 [0,0.00165278)
 [0,0.00165281)
 [0,0.00166247)
 [0,0.00167126)
 [0,0.00167216)
 [0,0.00167435)
 [0,0.0016757)
 [0,0.00168114)
 [0,0.00168155)
 [0,0.00168394)
 [0,0.00168406)
 [0,0.00168939)
 [0,0.00169811)
 [0,0.00169933)
 [0,0.00170238)
 [0,0.00170873)
 [0,0.00170908)
 [0,0.00171044)
 [0,0.00171305)
 [0,0.00171322)
 [0,0.00171371)
 [0,0.0017161)
 [0,0.00171816)
 [0,0.00171851)
 [0,0.00171909)
 [0,0.00172217)
 [0,0.00172241)
 [0,0.00172323)
 [0,0.00172482)
 [0,0.0017316)
 [0,0.00173172)
 [0,0.00173173)
 [0,0.0017327)
 [0,0.00174302)
 [0,0.00174354)
 [0,0.00174785)
 [0,0.00174864)
 [0,0.00174984)
 [0,0.00174989)
 [0,0.00175115)
 [0,0.00175494)
 [0,0.00175956)
 [0,0.00176128)
 [0,0.00176505)
 [0,0.00176689)
 [0,0.00177081)
 [0,0.00177655)
 [0,0.00177847)
 [0,0.00178339)
 [0,0.00178443)
 [0,0.00178779)
 [0,0.00179208)
 [0,0.00180134)
 [0,0.00180229)
 [0,0.00180324)
 [0,0.00181121)
 [0,0.00181706)
 [0,0.00181922)
 [0,0.0018227)
 [0,0.00182532)
 [0,0.00182952)
 [0,0.00183451)
 [0,0.00184477)
 [0,0.00184654)
 [0,0.00185626)
 [0,0.00185636)
 [0,0.00185786)
 [0,0.0018611)
 [0,0.00187199)
 [0,0.00187639)
 [0,0.00187644)
 [0,0.00187802)
 [0,0.00188962)
 [0,0.00189222)
 [0,0.00189549)
 [0,0.00189686)
 [0,0.00189789)
 [0,0.00190055)
 [0,0.00190084)
 [0,0.00190258)
 [0,0.00190398)
 [0,0.00190801)
 [0,0.00190905)
 [0,0.00191894)
 [0,0.0019277)
 [0,0.00192966)
 [0,0.00194923)
 [0,0.00195037)
 [0,0.00195039)
 [0,0.00195053)
 [0,0.00195677)
 [0,0.00195938)
 [0,0.00195943)
 [0,0.00195997)
 [0,0.00196088)
 [0,0.00197517)
 [0,0.00197622)
 [0,0.00197807)
 [0,0.00197981)
 [0,0.00198572)
 [0,0.00198945)
 [0,0.00199594)
 [0,0.0020007)
 [0,0.00200147)
 [0,0.00201084)
 [0,0.00201269)
 [0,0.00201337)
 [0,0.00201743)
 [0,0.00201814)
 [0,0.0020182)
 [0,0.00202256)
 [0,0.00202561)
 [0,0.00202564)
 [0,0.00202856)
 [0,0.00202961)
 [0,0.00202973)
 [0,0.00203048)
 [0,0.00203865)
 [0,0.00204812)
 [0,0.00205719)
 [0,0.00206294)
 [0,0.00206348)
 [0,0.00206768)
 [0,0.00206809)
 [0,0.00207595)
 [0,0.0020763)
 [0,0.00207734)
 [0,0.00208005)
 [0,0.00208645)
 [0,0.00209653)
 [0,0.00209868)
 [0,0.00209979)
 [0,0.00210192)
 [0,0.00210315)
 [0,0.00210748)
 [0,0.00211167)
 [0,0.00211689)
 [0,0.00211786)
 [0,0.00212384)
 [0,0.0021262)
 [0,0.00212712)
 [0,0.00213684)
 [0,0.00214184)
 [0,0.00215584)
 [0,0.0021579)
 [0,0.00215915)
 [0,0.00216281)
 [0,0.00216918)
 [0,0.00217029)
 [0,0.00217569)
 [0,0.00217744)
 [0,0.00218353)
 [0,0.00219783)
 [0,0.00219976)
 [0,0.00220042)
 [0,0.00221827)
 [0,0.00222134)
 [0,0.00222374)
 [0,0.00223184)
 [0,0.00223706)
 [0,0.00223711)
 [0,0.00223752)
 [0,0.00223758)
 [0,0.00223889)
 [0,0.00223935)
 [0,0.00225247)
 [0,0.00225783)
 [0,0.00226565)
 [0,0.0022705)
 [0,0.0022712)
 [0,0.00227123)
 [0,0.00228343)
 [0,0.0022842)
 [0,0.00229263)
 [0,0.00230641)
 [0,0.00231584)
 [0,0.00231765)
 [0,0.00231841)
 [0,0.00232401)
 [0,0.00232661)
 [0,0.00233181)
 [0,0.0023338)
 [0,0.0023506)
 [0,0.00236095)
 [0,0.0023627)
 [0,0.00236569)
 [0,0.0023667)
 [0,0.00236722)
 [0,0.00237037)
 [0,0.00239326)
 [0,0.00239583)
 [0,0.00240141)
 [0,0.00240172)
 [0,0.00240938)
 [0,0.00241171)
 [0,0.0024118)
 [0,0.00241509)
 [0,0.00241586)
 [0,0.00241773)
 [0,0.00243512)
 [0,0.00244672)
 [0,0.002476)
 [0,0.00247856)
 [0,0.00248015)
 [0,0.0024869)
 [0,0.00249281)
 [0,0.0024942)
 [0,0.00250109)
 [0,0.00250302)
 [0,0.00251202)
 [0,0.00252019)
 [0,0.0025244)
 [0,0.00254002)
 [0,0.00256266)
 [0,0.00261309)
 [0,0.00262078)
 [0,0.00262257)
 [0,0.00262466)
 [0,0.00262802)
 [0,0.00264632)
 [0,0.00267209)
 [0,0.00267245)
 [0,0.00267754)
 [0,0.00268752)
 [0,0.00268753)
 [0,0.0026912)
 [0,0.00271072)
 [0,0.00271165)
 [0,0.00272127)
 [0,0.00274668)
 [0,0.00275687)
 [0,0.00275892)
 [0,0.00279912)
 [0,0.00280446)
 [0,0.00280996)
 [0,0.00281259)
 [0,0.00281304)
 [0,0.00281344)
 [0,0.00283886)
 [0,0.00284226)
 [0,0.00284268)
 [0,0.00285784)
 [0,0.00287027)
 [0,0.0028705)
 [0,0.00287812)
 [0,0.00290248)
 [0,0.00291734)
 [0,0.00292378)
 [0,0.00293894)
 [0,0.00294417)
 [0,0.00294766)
 [0,0.00297214)
 [0,0.00297525)
 [0,0.00303904)
 [0,0.00304143)
 [0,0.00305002)
 [0,0.00305021)
 [0,0.00305444)
 [0,0.00307552)
 [0,0.00316644)
 [0,0.00321203)
 [0,0.00322334)
 [0,0.00322497)
 [0,0.00323112)
 [0,0.0032711)
 [0,0.003278)
 [0,0.00327953)
 [0,0.00328622)
 [0,0.00328729)
 [0,0.00330023)
 [0,0.00330593)
 [0,0.00334156)
 [0,0.00335264)
 [0,0.00335356)
 [0,0.00336436)
 [0,0.00339382)
 [0,0.00339753)
 [0,0.00341308)
 [0,0.00341601)
 [0,0.00342344)
 [0,0.00342989)
 [0,0.00343789)
 [0,0.00344873)
 [0,0.00344902)
 [0,0.00347876)
 [0,0.0034851)
 [0,0.00354711)
 [0,0.00358842)
 [0,0.00358891)
 [0,0.00359841)
 [0,0.00359946)
 [0,0.00362333)
 [0,0.0036609)
 [0,0.00366352)
 [0,0.00367359)
 [0,0.00370114)
 [0,0.00373401)
 [0,0.00376368)
 [0,0.00377845)
 [0,0.00378568)
 [0,0.00383597)
 [0,0.00387923)
 [0,0.0038832)
 [0,0.00392012)
 [0,0.00393209)
 [0,0.00394603)
 [0,0.00395807)
 [0,0.00397223)
 [0,0.00401078)
 [0,0.00403721)
 [0,0.00403798)
 [0,0.0040777)
 [0,0.00412741)
 [0,0.00415639)
 [0,0.004251)
 [0,0.00425505)
 [0,0.00427384)
 [0,0.00428045)
 [0,0.00431346)
 [0,0.0043414)
 [0,0.00437571)
 [0,0.00438874)
 [0,0.00443984)
 [0,0.00445037)
 [0,0.00449473)
 [0,0.00450502)
 [0,0.00458686)
 [0,0.00460137)
 [0,0.00462441)
 [0,0.00472419)
 [0,0.00473155)
 [0,0.00481413)
 [0,0.0048205)
 [0,0.00485883)
 [0,0.00489033)
 [0,0.00494135)
 [0,0.00496768)
 [0,0.00507716)
 [0,0.00514202)
 [0,0.00516005)
 [0,0.00516275)
 [0,0.00527738)
 [0,0.00538068)
 [0,0.0056997)
 [0,0.00570253)
 [0,0.00583381)
 [0,0.00609007)
 [0,0.00615711)
 [0,0.00616637)
 [0,0.006674)
 [0,0.00671544)
 [0,0.00684354)
 [0,0.00688179)
 [0,0.0069489)
 [0,0.00745079)
 [0,0.00778256)
 [0,0.00780184)
 [0,0.00928352)
 [0,0.00978384)
 [0,0.0104787)
 [0,0.0134155)
 [0,0.0324732)
 [0,0.0397476)
 [0, )
