persistence intervals in dim 1:
 [0.0346113,0.035226)
 [0.022297,0.0226086)
 [0.0199033,0.0216093)
 [0.0146048,0.0149844)
 [0.0145504,0.015257)
 [0.0131104,0.013526)
 [0.0128034,0.0142831)
 [0.0126161,0.0142713)
 [0.0116361,0.0136222)
 [0.0116224,0.0142091)
 [0.0112888,0.0120301)
 [0.0112111,0.0118463)
 [0.0100115,0.010402)
 [0.00971544,0.00979239)
 [0.00965014,0.0139954)
 [0.00947622,0.0100176)
 [0.0093576,0.00937208)
 [0.00929559,0.00943531)
 [0.00877512,0.00890493)
 [0.00863077,0.00872434)
 [0.00845291,0.00982187)
 [0.00838945,0.00914215)
 [0.00813007,0.00891874)
 [0.00801552,0.00822186)
 [0.00795121,0.0083275)
 [0.00788173,0.00791422)
 [0.0078795,0.00787956)
 [0.007867,0.0080348)
 [0.00784758,0.00913114)
 [0.00781714,0.0079109)
 [0.00778691,0.00791663)
 [0.0075108,0.0080348)
 [0.00749554,0.0099249)
 [0.00736224,0.00805764)
 [0.00697689,0.00781618)
 [0.00697325,0.00728436)
 [0.00685862,0.00796559)
 [0.00683597,0.00783492)
 [0.00678055,0.00739274)
 [0.00663497,0.00746229)
 [0.00657763,0.00691596)
 [0.00635733,0.00799828)
 [0.00632911,0.00650074)
 [0.00632387,0.00927093)
 [0.00631777,0.00902421)
 [0.00627437,0.00662831)
 [0.00625651,0.00886432)
 [0.00623939,0.00646441)
 [0.00621899,0.00670859)
 [0.00621202,0.00624749)
 [0.00620328,0.00683294)
 [0.00619792,0.0075844)
 [0.00617087,0.00627694)
 [0.00616898,0.00622117)
 [0.00611125,0.00615008)
 [0.0060067,0.00667854)
 [0.00594812,0.00648492)
 [0.00590416,0.00747054)
 [0.00588815,0.00627265)
 [0.00586849,0.00625251)
 [0.00585667,0.00598925)
 [0.00584803,0.00619142)
 [0.00568357,0.00627694)
 [0.005683,0.00684182)
 [0.00564379,0.0057182)
 [0.0056255,0.00602699)
 [0.00560274,0.00585104)
 [0.00557069,0.00584063)
 [0.00551414,0.00663458)
 [0.00551246,0.00608498)
 [0.00547738,0.00576095)
 [0.00547012,0.00572003)
 [0.00546715,0.00749808)
 [0.00543622,0.00545643)
 [0.00536344,0.00613366)
 [0.00535752,0.00585202)
 [0.00529433,0.00584652)
 [0.00521504,0.00522796)
 [0.00521026,0.00528479)
 [0.00519394,0.00570178)
 [0.00516145,0.00541643)
 [0.00515923,0.00540852)
 [0.00508975,0.00593596)
 [0.00508037,0.00681766)
 [0.00506032,0.00605395)
 [0.00499012,0.00556757)
 [0.00498739,0.00510821)
 [0.00494783,0.00528367)
 [0.0049415,0.00511958)
 [0.00490299,0.00567717)
 [0.00488426,0.00496242)
 [0.00487715,0.00544771)
 [0.00481786,0.00511993)
 [0.00477431,0.0059264)
 [0.00477041,0.00620697)
 [0.00475198,0.00505742)
 [0.00467552,0.00467783)
 [0.00464283,0.00533844)
 [0.0046339,0.00563371)
 [0.00462007,0.00501528)
 [0.00461472,0.00472799)
 [0.00459433,0.00515228)
 [0.00449948,0.0050892)
 [0.00446498,0.00520401)
 [0.00446225,0.00577556)
 [0.00445619,0.00452093)
 [0.00442941,0.00637748)
 [0.00438075,0.00466991)
 [0.00436195,0.00513864)
 [0.00432015,0.00536081)
 [0.00430576,0.00507573)
 [0.0042438,0.00424549)
 [0.00422811,0.00435922)
 [0.00420175,0.00531535)
 [0.00413181,0.00451962)
 [0.00410656,0.00419256)
 [0.00410473,0.00432044)
 [0.00407912,0.00466682)
 [0.00407637,0.00456559)
 [0.00400405,0.00420469)
 [0.00398225,0.00399985)
 [0.00396801,0.00399193)
 [0.00395741,0.00500796)
 [0.00395381,0.00444115)
 [0.00394177,0.00396691)
 [0.00392556,0.0039443)
 [0.00391877,0.00461777)
 [0.00388308,0.00442487)
 [0.00383739,0.00392015)
 [0.00381149,0.0048265)
 [0.00380342,0.00400361)
 [0.00379487,0.00401715)
 [0.00378125,0.00454278)
 [0.00375455,0.00566247)
 [0.00373551,0.00420277)
 [0.00372935,0.00377034)
 [0.00368553,0.00447924)
 [0.00366303,0.00405864)
 [0.00365788,0.00475271)
 [0.00364817,0.00379579)
 [0.00360493,0.00414389)
 [0.00359505,0.00376596)
 [0.00358449,0.00367345)
 [0.00358072,0.0036618)
 [0.00350793,0.00453739)
 [0.00348948,0.00391815)
 [0.00347903,0.00369444)
 [0.00342361,0.00499592)
 [0.00337555,0.00358863)
 [0.0033714,0.00402809)
 [0.00332437,0.003464)
 [0.00328726,0.0036868)
 [0.00325108,0.00325935)
 [0.0032012,0.00365301)
 [0.00319251,0.00408042)
 [0.00318555,0.00346778)
 [0.00316539,0.00351792)
 [0.00313657,0.00365012)
 [0.00309763,0.00337093)
 [0.00305653,0.00328669)
 [0.00304726,0.00308022)
 [0.00304424,0.00350917)
 [0.00301759,0.00331796)
 [0.0029825,0.00304842)
 [0.00294793,0.00334916)
 [0.0029441,0.00294414)
 [0.00294193,0.0031174)
 [0.00289886,0.00324313)
 [0.00280656,0.00331146)
 [0.00278908,0.00371647)
 [0.00277615,0.00308088)
 [0.00275372,0.00312326)
 [0.00275043,0.00296828)
 [0.00274557,0.00301217)
 [0.00269146,0.00367731)
 [0.00268202,0.00348647)
 [0.00264433,0.00287597)
 [0.00260148,0.00276151)
 [0.00259663,0.00361131)
 [0.00255991,0.00293582)
 [0.00251392,0.00372272)
 [0.00251386,0.00284022)
 [0.00248521,0.00286474)
 [0.00248479,0.00249227)
 [0.00245236,0.00263208)
 [0.0023751,0.00278171)
 [0.00234741,0.00266625)
 [0.00232726,0.00260379)
 [0.00229174,0.00231017)
 [0.0022551,0.00242616)
 [0.00221653,0.00234759)
 [0.00216515,0.00298104)
 [0.0020915,0.00213216)
 [0.00192668,0.00193592)
 [0.00191057,0.00218676)
 [0.00189233,0.00202161)
 [0.00189185,0.00201691)
 [0.00176887,0.00199525)
 [0.00174773,0.00210098)
