persistence intervals in dim 1:
 [0.0107075,0.0110218)
 [0.00956275,0.0111836)
 [0.0090712,0.0101066)
 [0.00858445,0.0101784)
 [0.00807753,0.00837993)
 [0.00805031,0.00842738)
 [0.00801937,0.00829883)
 [0.00788708,0.00832307)
 [0.00785794,0.00794652)
 [0.00752613,0.00758669)
 [0.00751972,0.00799118)
 [0.00751023,0.0075579)
 [0.00706537,0.00722976)
 [0.00692434,0.00743681)
 [0.00681162,0.0069973)
 [0.00647312,0.00663021)
 [0.00633365,0.00683041)
 [0.00626485,0.00628811)
 [0.00611096,0.00749168)
 [0.00577767,0.00667551)
 [0.00577666,0.00619003)
 [0.00577523,0.00641764)
 [0.00563053,0.00579238)
 [0.0056148,0.00603951)
 [0.00561041,0.00724884)
 [0.00553696,0.00796266)
 [0.00550214,0.00596216)
 [0.00549664,0.00570468)
 [0.00545201,0.00567398)
 [0.00520763,0.00560756)
 [0.00519102,0.00598295)
 [0.00510174,0.00530336)
 [0.00507821,0.00516286)
 [0.00477782,0.00509348)
 [0.00472973,0.00623352)
 [0.00472804,0.00484823)
 [0.00463685,0.00504068)
 [0.00453553,0.00516557)
 [0.00452886,0.00476904)
 [0.00449964,0.00582086)
 [0.00445245,0.00474852)
 [0.00440804,0.0045455)
 [0.00435002,0.00457898)
 [0.00434191,0.00536574)
 [0.00433594,0.00523357)
 [0.00431527,0.00485862)
 [0.00428517,0.00469058)
 [0.00427523,0.00464921)
 [0.00414433,0.00438162)
 [0.00410279,0.0045824)
 [0.00408517,0.00475372)
 [0.00402746,0.00454569)
 [0.00401003,0.0054115)
 [0.00387539,0.00451407)
 [0.0038305,0.00387598)
 [0.00377224,0.00407572)
 [0.00366487,0.00418652)
 [0.00358762,0.00429362)
 [0.00351567,0.00391985)
 [0.00341846,0.00390415)
 [0.0034137,0.0035054)
 [0.00328683,0.00383007)
 [0.00303364,0.00352039)
 [0.00302289,0.00306538)
 [0.00288477,0.00334977)
 [0.00287654,0.00322279)
 [0.00264433,0.00290027)
 [0.00263505,0.00263569)
 [0.00255409,0.00282927)
 [0.0024038,0.00272513)
 [0.00211906,0.00222648)
 [0.00211372,0.00225984)
 [0.0020463,0.00226694)
 [0.00186482,0.0019272)
 [0.00184286,0.00205974)
 [0.00178779,0.00187607)
 [0.0017403,0.00190781)
 [0.00163006,0.0018136)
 [0.00148338,0.00152189)
 [0.00140974,0.00145766)
 [0.00138392,0.00140821)
 [0.00127716,0.00132421)
 [0.00124084,0.00131674)
 [0.00116906,0.00131966)
 [0.000912763,0.000941421)
 [0.00088333,0.00103912)
 [0.00081554,0.000853134)
 [0.000746392,0.000831032)
 [0.000675645,0.000766722)
 [0.000555372,0.00061258)
 [0.000526768,0.000580827)
 [0.000392771,0.000400707)
