persistence intervals in dim 1:
 [0.0119627,0.012719)
 [0.00880114,0.0101928)
 [0.0082101,0.00838848)
 [0.00768495,0.00831379)
 [0.00766501,0.00814663)
 [0.0070463,0.00817884)
 [0.0065658,0.00694642)
 [0.00561668,0.00588783)
 [0.00561379,0.00582784)
 [0.00557956,0.0059136)
 [0.00537805,0.00584422)
 [0.00516484,0.00519417)
 [0.00504397,0.00512422)
 [0.00497141,0.0055126)
 [0.00486009,0.0049792)
 [0.00481838,0.00496017)
 [0.00469331,0.00652975)
 [0.00464159,0.00473131)
 [0.00455763,0.00517676)
 [0.00405863,0.00469028)
 [0.00391099,0.00392905)
 [0.0037555,0.00424814)
 [0.00363192,0.00401781)
 [0.0036295,0.0037349)
 [0.0036278,0.00366269)
 [0.00362531,0.003746)
 [0.00359642,0.00368054)
 [0.00352962,0.00384871)
 [0.00349169,0.00372953)
 [0.00339073,0.00364815)
 [0.00330845,0.0035652)
 [0.00328707,0.00332762)
 [0.00318646,0.00374209)
 [0.0031619,0.00430608)
 [0.00311755,0.00319098)
 [0.00309267,0.00359857)
 [0.00306942,0.00325797)
 [0.00302249,0.00365626)
 [0.00282966,0.00291619)
 [0.00278338,0.00303742)
 [0.00277462,0.00277473)
 [0.00276061,0.00311323)
 [0.00275962,0.00288108)
 [0.00275264,0.00280575)
 [0.00261092,0.00312145)
 [0.0026098,0.00299534)
 [0.00259571,0.00265011)
 [0.00258966,0.00271204)
 [0.00258933,0.00280341)
 [0.00258749,0.00265112)
 [0.00257331,0.00259309)
 [0.00257284,0.00263914)
 [0.00250285,0.00295714)
 [0.00249453,0.00251139)
 [0.00246064,0.00246495)
 [0.00243534,0.002565)
 [0.00243059,0.00273858)
 [0.00242378,0.00277492)
 [0.00240589,0.00271096)
 [0.00240318,0.00241087)
 [0.00239606,0.00273751)
 [0.00239325,0.00283902)
 [0.00231762,0.00274097)
 [0.00231371,0.00252489)
 [0.00230863,0.0024777)
 [0.00229904,0.00230475)
 [0.00229202,0.00255666)
 [0.00228487,0.00277596)
 [0.00228233,0.00229979)
 [0.00221551,0.002379)
 [0.00220757,0.00296528)
 [0.00220545,0.00302409)
 [0.00218659,0.00250898)
 [0.00218197,0.0023191)
 [0.00215365,0.00251873)
 [0.00212807,0.00217203)
 [0.0021174,0.00240971)
 [0.00210798,0.00226364)
 [0.00210568,0.00242158)
 [0.00209602,0.00227421)
 [0.00208931,0.00242199)
 [0.00206947,0.00247754)
 [0.00206132,0.00238979)
 [0.00204465,0.002668)
 [0.00204304,0.00221811)
 [0.00203522,0.00212192)
 [0.00203082,0.00216351)
 [0.00203051,0.00220745)
 [0.00198569,0.00201924)
 [0.00197251,0.00197675)
 [0.00194934,0.00200107)
 [0.00192876,0.00204672)
 [0.00192682,0.00202063)
 [0.00189356,0.0019393)
 [0.00186919,0.00217017)
 [0.00183452,0.00215957)
 [0.00183182,0.00231858)
 [0.00182907,0.00205757)
 [0.00179931,0.00215957)
 [0.00177942,0.00191966)
 [0.0017754,0.00209223)
 [0.00177479,0.00181248)
 [0.00176883,0.00192953)
 [0.0017551,0.00184681)
 [0.0017378,0.00174245)
 [0.00173395,0.00204902)
 [0.00173353,0.00224193)
 [0.00172658,0.00174797)
 [0.00172192,0.00173655)
 [0.00171473,0.00180312)
 [0.0016633,0.00230262)
 [0.00165124,0.00192951)
 [0.00164421,0.00196419)
 [0.00164313,0.00181258)
 [0.00163021,0.0024084)
 [0.00162538,0.001936)
 [0.00162248,0.00163047)
 [0.00162052,0.00183408)
 [0.00161572,0.00197972)
 [0.00158316,0.00172141)
 [0.00156641,0.00185893)
 [0.0015319,0.00211542)
 [0.00151563,0.00235782)
 [0.00150804,0.00175801)
 [0.00150154,0.00153939)
 [0.00148507,0.00169619)
 [0.00147985,0.0015002)
 [0.00146955,0.00149491)
 [0.00145156,0.0016845)
 [0.00137309,0.00198357)
 [0.00136739,0.0016282)
 [0.00136666,0.00157234)
 [0.0013586,0.00153272)
 [0.00135534,0.00148122)
 [0.00132162,0.00134943)
 [0.00131076,0.00131256)
 [0.00128455,0.001416)
 [0.00125015,0.00132267)
 [0.00124856,0.00130589)
 [0.00124596,0.00140812)
 [0.00124436,0.00128479)
 [0.00120271,0.00135013)
 [0.00118857,0.00133206)
 [0.00117997,0.00119984)
 [0.00117518,0.00119644)
 [0.00117246,0.00122263)
 [0.00117154,0.00144427)
 [0.00116967,0.00123389)
 [0.00116637,0.00140828)
 [0.00115437,0.00137388)
 [0.00112906,0.00192968)
 [0.00111546,0.00112847)
 [0.00111298,0.00114911)
 [0.00110583,0.00115175)
 [0.00109266,0.0012433)
 [0.0010811,0.00114358)
 [0.00107631,0.00131578)
 [0.00107057,0.00118689)
 [0.00105186,0.00121589)
 [0.00104241,0.00122957)
 [0.00103211,0.00104127)
 [0.00101987,0.00103888)
 [0.000980415,0.00131356)
 [0.000977687,0.00115242)
 [0.000956086,0.00101383)
 [0.000932061,0.00103469)
 [0.000900166,0.000922213)
 [0.000876695,0.00101901)
 [0.000852711,0.000878041)
 [0.00082489,0.000842399)
 [0.000813656,0.000839284)
 [0.000771466,0.000822665)
 [0.000761159,0.000864445)
 [0.000735118,0.000937989)
 [0.000699174,0.000824389)
 [0.000555105,0.000574742)
 [0.000336506,0.000342519)
