persistence intervals in dim 1:
 [0.00102889,0.00105207)
 [0.000988383,0.000992465)
 [0.000944094,0.00103376)
 [0.000910823,0.000933853)
 [0.000891963,0.000945406)
 [0.00086732,0.000898592)
 [0.000857103,0.00089574)
 [0.000856836,0.000998381)
 [0.000843098,0.000963571)
 [0.000842129,0.00119997)
 [0.000781131,0.000843492)
 [0.000780924,0.000989867)
 [0.000777715,0.000823065)
 [0.000775194,0.000792078)
 [0.000774678,0.000843492)
 [0.00076357,0.000859643)
 [0.000743528,0.000858354)
 [0.000741096,0.000772004)
 [0.000739349,0.000961788)
 [0.000723748,0.000764594)
 [0.000720419,0.000725802)
 [0.000704842,0.000707925)
 [0.000694171,0.000729951)
 [0.000682784,0.000709578)
 [0.000665169,0.000743184)
 [0.000657616,0.000740163)
 [0.000632668,0.000674847)
 [0.000631351,0.000722913)
 [0.00062348,0.000713457)
 [0.000621697,0.000632906)
 [0.00061731,0.000725969)
 [0.000610746,0.000660204)
 [0.000607448,0.000610952)
 [0.000604692,0.000627602)
 [0.000593435,0.000911909)
 [0.000590282,0.000644198)
 [0.000583008,0.000583473)
 [0.000580685,0.000603257)
 [0.000574627,0.000700226)
 [0.000557965,0.000659149)
 [0.00055778,0.000585618)
 [0.000552457,0.00060902)
 [0.000535493,0.000545605)
 [0.000532565,0.000624062)
 [0.000531145,0.00060066)
 [0.000529098,0.000537551)
 [0.000528966,0.000550331)
 [0.000519839,0.000524487)
 [0.000515525,0.000530966)
 [0.000507484,0.000647833)
 [0.000504805,0.000533686)
 [0.000504109,0.000513344)
 [0.000501397,0.000544052)
 [0.000500793,0.000607178)
 [0.00049929,0.000603367)
 [0.000497323,0.000513792)
 [0.000496815,0.000638739)
 [0.000485237,0.000581886)
 [0.000481919,0.00048259)
 [0.00048128,0.00048177)
 [0.000475865,0.00053245)
 [0.00047021,0.000504271)
 [0.000466773,0.000506179)
 [0.000465616,0.000591596)
 [0.000465492,0.000583955)
 [0.000462467,0.000507877)
 [0.000461566,0.000500033)
 [0.00046112,0.000488112)
 [0.000456496,0.000478961)
 [0.000456237,0.000506957)
 [0.000455221,0.000497188)
 [0.000454705,0.000500033)
 [0.00045434,0.000477812)
 [0.000452375,0.000537749)
 [0.00044994,0.000570657)
 [0.000449198,0.000525697)
 [0.00044738,0.000457174)
 [0.00044433,0.000490306)
 [0.000439852,0.000483798)
 [0.000438503,0.000582848)
 [0.000436734,0.000502239)
 [0.000436311,0.000482228)
 [0.000435996,0.000498286)
 [0.00043508,0.000462515)
 [0.000434117,0.000517769)
 [0.000430845,0.000535946)
 [0.000428395,0.000450464)
 [0.00042804,0.000470128)
 [0.000426967,0.000546672)
 [0.000424609,0.000482803)
 [0.00042422,0.000502244)
 [0.00042248,0.00045235)
 [0.000418214,0.000549075)
 [0.000407286,0.000411401)
 [0.000405778,0.000423614)
 [0.000405125,0.000479496)
 [0.00040351,0.00050205)
 [0.00040153,0.000445456)
 [0.000398086,0.00048247)
 [0.000396792,0.000440237)
 [0.000396719,0.000404385)
 [0.000394282,0.000562506)
 [0.000394011,0.000403287)
 [0.000393336,0.000410439)
 [0.000392518,0.000425755)
 [0.000392385,0.000430768)
 [0.000390472,0.000419299)
 [0.00038819,0.000429532)
 [0.000387912,0.000404337)
 [0.000385858,0.000431148)
 [0.000385735,0.000416517)
 [0.000383689,0.000392951)
 [0.00038221,0.000412455)
 [0.000381863,0.000416414)
 [0.000381309,0.000411186)
 [0.000380765,0.000385444)
 [0.000378783,0.000398218)
 [0.000377655,0.000490131)
 [0.000377159,0.000401434)
 [0.000376588,0.000417283)
 [0.000374254,0.000398113)
 [0.000373826,0.000455079)
 [0.00037372,0.000382344)
 [0.000373337,0.000397235)
 [0.000373049,0.000418853)
 [0.000372906,0.00061978)
 [0.000370479,0.000378117)
 [0.000369966,0.000420783)
 [0.000369449,0.000425823)
 [0.000369331,0.000491123)
 [0.000368449,0.000462646)
 [0.000367658,0.000370398)
 [0.000367543,0.000367563)
 [0.00036644,0.000375445)
 [0.00036412,0.000411293)
 [0.000357511,0.000391585)
 [0.000357501,0.000383947)
 [0.000354133,0.0003839)
 [0.00035169,0.000374598)
 [0.000350977,0.000371107)
 [0.000350052,0.000586331)
 [0.000347265,0.000355905)
 [0.000347074,0.000379904)
 [0.000346793,0.000389274)
 [0.000346489,0.000355722)
 [0.000344072,0.000407072)
 [0.00034339,0.000473815)
 [0.000339827,0.000342227)
 [0.00033948,0.000340539)
 [0.000335166,0.000387619)
 [0.000334638,0.000384694)
 [0.000334377,0.000505811)
 [0.000333613,0.000383485)
 [0.000333385,0.000386182)
 [0.000332786,0.000344918)
 [0.000331465,0.000343662)
 [0.000331171,0.000358936)
 [0.000328906,0.000398424)
 [0.000328186,0.000428938)
 [0.00032705,0.000362294)
 [0.000323269,0.00036304)
 [0.000323097,0.000344329)
 [0.000322467,0.000361091)
 [0.000321552,0.000422561)
 [0.000319554,0.000343396)
 [0.000317124,0.000351307)
 [0.000316249,0.000404878)
 [0.000315425,0.000326078)
 [0.000314957,0.000355051)
 [0.000314829,0.000355989)
 [0.000314727,0.000341107)
 [0.000313817,0.000420802)
 [0.000312429,0.00033644)
 [0.000309383,0.000322284)
 [0.000309304,0.000321996)
 [0.000306934,0.000317512)
 [0.000305954,0.000328856)
 [0.000305479,0.000322702)
 [0.000304954,0.000449916)
 [0.000304297,0.000313829)
 [0.000303964,0.00032895)
 [0.000303607,0.000325005)
 [0.000302965,0.000367757)
 [0.000302869,0.000373039)
 [0.000302832,0.000366661)
 [0.000299644,0.000385261)
 [0.00029733,0.000331419)
 [0.000295178,0.000314461)
 [0.000294206,0.00034817)
 [0.000291741,0.000365509)
 [0.000291492,0.00038053)
 [0.000290755,0.00029447)
 [0.000290622,0.000390893)
 [0.000290151,0.000317696)
 [0.00029005,0.000341148)
 [0.000288442,0.000299038)
 [0.000287485,0.000317781)
 [0.00028733,0.000331938)
 [0.000286308,0.000304123)
 [0.000285581,0.000294837)
 [0.000285281,0.000357975)
 [0.000284505,0.000325088)
 [0.000283779,0.000294122)
 [0.000281771,0.00028581)
 [0.000280963,0.000285884)
 [0.000280961,0.000311269)
 [0.00027966,0.000292182)
 [0.000278984,0.000322125)
 [0.000277133,0.000349087)
 [0.000276634,0.000350303)
 [0.000274324,0.000327872)
 [0.000273457,0.000349666)
 [0.000271421,0.000285218)
 [0.000268175,0.000274759)
 [0.000265562,0.000284964)
 [0.000262665,0.00032749)
 [0.000261723,0.000265395)
 [0.000260845,0.000285436)
 [0.000260593,0.000267726)
 [0.000259654,0.000261378)
 [0.000259636,0.000260871)
 [0.000259546,0.000376438)
 [0.000258965,0.000269318)
 [0.000255759,0.000285727)
 [0.0002557,0.000356936)
 [0.000255171,0.000269058)
 [0.000254292,0.000255391)
 [0.000254085,0.000320991)
 [0.000253103,0.000279261)
 [0.000252915,0.000296678)
 [0.000251027,0.000336789)
 [0.000250798,0.000259053)
 [0.000250587,0.00025261)
 [0.000248781,0.000258339)
 [0.000247596,0.00030469)
 [0.000246905,0.000276657)
 [0.000246181,0.000302136)
 [0.000245521,0.000269658)
 [0.000245334,0.000247269)
 [0.000243258,0.000256024)
 [0.000242411,0.000245148)
 [0.000242177,0.000252961)
 [0.000237048,0.000284714)
 [0.00023441,0.000311505)
 [0.000234175,0.000256322)
 [0.00023412,0.000261896)
 [0.000232602,0.000359489)
 [0.000232277,0.000271135)
 [0.000231176,0.000238418)
 [0.000229734,0.000251841)
 [0.000229297,0.000230129)
 [0.000229218,0.000265521)
 [0.000228301,0.000234996)
 [0.000227434,0.00022908)
 [0.000227078,0.000245444)
 [0.000225541,0.00024225)
 [0.000223453,0.000238374)
 [0.000222138,0.000260222)
 [0.000221349,0.000226282)
 [0.000220843,0.000249839)
 [0.000220124,0.000248445)
 [0.000219603,0.000224949)
 [0.000218333,0.000292787)
 [0.000217557,0.000335618)
 [0.000217133,0.000235577)
 [0.000215644,0.000307623)
 [0.000206792,0.000260327)
 [0.000201284,0.000234696)
 [0.000201172,0.00022966)
 [0.000200951,0.000235576)
 [0.000197609,0.000201086)
 [0.000194299,0.000255705)
 [0.000192727,0.000232884)
 [0.000188342,0.000198084)
 [0.000185876,0.000209214)
 [0.000184755,0.000190121)
 [0.000181594,0.000219257)
 [0.000179725,0.000201151)
 [0.00017296,0.000179545)
 [0.000167493,0.000185157)
 [0.000164416,0.000206317)
 [0.000163545,0.000167493)
 [0.000157332,0.000194574)
 [0.000153962,0.000162282)
 [0.000129004,0.000135153)
 [0.0001283,0.0001407)
