persistence intervals in dim 1:
 [0.0436496,0.0491236)
 [0.0252397,0.0258243)
 [0.0154559,0.0164172)
 [0.0128345,0.0129233)
 [0.0117641,0.0128603)
 [0.0117071,0.0117752)
 [0.0114916,0.0123671)
 [0.0106525,0.0137885)
 [0.00989509,0.00990973)
 [0.00936415,0.0102972)
 [0.00873312,0.00990853)
 [0.00864967,0.00892338)
 [0.0081562,0.00816949)
 [0.00783422,0.00906969)
 [0.00775104,0.00919589)
 [0.00754158,0.00754606)
 [0.007094,0.00715917)
 [0.00699058,0.00792404)
 [0.00657638,0.00665489)
 [0.00645758,0.00688922)
 [0.0064356,0.00701679)
 [0.00636526,0.00659777)
 [0.00622525,0.00635795)
 [0.00611635,0.00677125)
 [0.00607301,0.00609274)
 [0.00592946,0.00621685)
 [0.00592835,0.0076352)
 [0.00541836,0.0058614)
 [0.00541456,0.00592931)
 [0.00520152,0.0061111)
 [0.00512638,0.00588646)
 [0.00508254,0.00669803)
 [0.00485294,0.0059554)
 [0.00468301,0.00509659)
 [0.00460921,0.00542484)
 [0.00459615,0.00482359)
 [0.00458287,0.00461826)
 [0.00457763,0.00461606)
 [0.00456612,0.00499278)
 [0.004405,0.00496616)
 [0.00437669,0.00468814)
 [0.00436475,0.00436722)
 [0.00435888,0.0050516)
 [0.0043405,0.00463362)
 [0.00431011,0.00524644)
 [0.00421577,0.00439585)
 [0.00418231,0.0049943)
 [0.00408906,0.00423029)
 [0.00406322,0.00407797)
 [0.004056,0.00560429)
 [0.00400946,0.00455885)
 [0.0039326,0.0039613)
 [0.00386543,0.00423029)
 [0.00385321,0.00389796)
 [0.00382713,0.00423679)
 [0.00379244,0.00486419)
 [0.00376433,0.00449692)
 [0.003725,0.00401053)
 [0.00361758,0.00409271)
 [0.00361182,0.00421536)
 [0.00352915,0.00373866)
 [0.00352563,0.00487107)
 [0.00350181,0.00373914)
 [0.00345303,0.00360797)
 [0.00342432,0.004581)
 [0.00321804,0.003393)
 [0.00320847,0.00351212)
 [0.00318066,0.00361126)
 [0.00316387,0.00368767)
 [0.00314623,0.00377301)
 [0.00309856,0.00351714)
 [0.00308837,0.00390677)
 [0.00307783,0.00318727)
 [0.00303142,0.00324727)
 [0.00299035,0.0033289)
 [0.00294362,0.00385025)
 [0.0029073,0.00293601)
 [0.002902,0.00308566)
 [0.00289957,0.00311692)
 [0.00289471,0.0037311)
 [0.00287536,0.00315368)
 [0.00286901,0.00296849)
 [0.00285802,0.00365249)
 [0.00281311,0.00318171)
 [0.00274239,0.0027718)
 [0.00273001,0.00289872)
 [0.00268628,0.00390816)
 [0.0026709,0.00337774)
 [0.00264969,0.0027053)
 [0.00264009,0.00313558)
 [0.00256784,0.00275325)
 [0.00255283,0.00311416)
 [0.00253428,0.00258224)
 [0.00248007,0.00291835)
 [0.00244073,0.00255322)
 [0.00242426,0.00315141)
 [0.00242174,0.00262989)
 [0.00239607,0.00240824)
 [0.00232528,0.00309489)
 [0.002293,0.00234724)
 [0.0022592,0.00226692)
 [0.00225101,0.00254764)
 [0.00222294,0.00232689)
 [0.0021992,0.00282564)
 [0.00218434,0.00228298)
 [0.00218051,0.00232521)
 [0.00216862,0.00293883)
 [0.00216146,0.00219762)
 [0.0021576,0.00230229)
 [0.0021558,0.00256446)
 [0.00214344,0.00269245)
 [0.00212955,0.00245959)
 [0.00212627,0.00229409)
 [0.00212261,0.0021632)
 [0.00212061,0.00237864)
 [0.0020745,0.00239286)
 [0.0020688,0.00242911)
 [0.0020608,0.00241884)
 [0.00199136,0.00222889)
 [0.00199107,0.00203765)
 [0.00194394,0.00201348)
 [0.00192048,0.00226898)
 [0.00185015,0.00237506)
 [0.00184625,0.00209613)
 [0.0018188,0.00221163)
 [0.00180944,0.0018753)
 [0.00175309,0.00191063)
 [0.00169262,0.00178331)
 [0.00166961,0.00198465)
 [0.00161648,0.00176009)
 [0.0016126,0.00169818)
 [0.00160778,0.00190022)
 [0.00157052,0.0016259)
 [0.00154543,0.00155053)
 [0.00149845,0.00182484)
 [0.00148475,0.00192322)
 [0.00147032,0.00149536)
 [0.00144168,0.00178049)
 [0.00142649,0.00201135)
 [0.00138957,0.00163035)
 [0.00122676,0.00142533)
 [0.00118626,0.00142868)
 [0.00102612,0.00105324)
 [0.00102581,0.00124972)
 [0.000933762,0.000943584)
