persistence intervals in dim 1:
 [0.0187624,0.0192115)
 [0.0182928,0.0200428)
 [0.0178156,0.0184932)
 [0.0176844,0.0181636)
 [0.0176505,0.0178206)
 [0.0156406,0.0184099)
 [0.0135008,0.016645)
 [0.0132057,0.0166795)
 [0.0131582,0.0139434)
 [0.011426,0.0122936)
 [0.0101763,0.0104183)
 [0.00972258,0.0107801)
 [0.00937921,0.0112411)
 [0.00811346,0.00853065)
 [0.00716713,0.00762228)
 [0.00711149,0.00805191)
 [0.00699738,0.00721159)
 [0.00690672,0.00725883)
 [0.00678868,0.00747273)
 [0.00673938,0.00692651)
 [0.00664165,0.00698919)
 [0.00644744,0.00666464)
 [0.00643456,0.0065164)
 [0.00598548,0.00647741)
 [0.00592898,0.00607596)
 [0.00585856,0.00592866)
 [0.0057565,0.00576129)
 [0.00560722,0.00568605)
 [0.00553105,0.00559215)
 [0.00534149,0.00552032)
 [0.00529277,0.0056916)
 [0.00528105,0.00529553)
 [0.00513399,0.00544193)
 [0.00508682,0.00636412)
 [0.00496344,0.00520701)
 [0.00493843,0.00526099)
 [0.00490646,0.0051738)
 [0.00483565,0.00517502)
 [0.00479846,0.00732918)
 [0.00479413,0.00491991)
 [0.00472816,0.00504567)
 [0.0047209,0.00496004)
 [0.00470797,0.00473196)
 [0.00455622,0.00514285)
 [0.00439195,0.00491167)
 [0.00432645,0.00435389)
 [0.00428216,0.00446954)
 [0.00427927,0.00441258)
 [0.00427897,0.0044574)
 [0.0042395,0.00452029)
 [0.00422698,0.0052994)
 [0.00417101,0.00445719)
 [0.00413224,0.00445318)
 [0.00409405,0.00456024)
 [0.00406293,0.00407472)
 [0.00403258,0.00411842)
 [0.00399294,0.00423188)
 [0.00396969,0.00406211)
 [0.00390114,0.00423993)
 [0.00387905,0.00472145)
 [0.00387855,0.00430045)
 [0.00365365,0.00395234)
 [0.00363912,0.00365434)
 [0.00362999,0.00382952)
 [0.00360016,0.00382126)
 [0.00359969,0.00506987)
 [0.00356863,0.00427213)
 [0.00350809,0.00496561)
 [0.00346963,0.00401925)
 [0.00346778,0.00382342)
 [0.00335022,0.00359458)
 [0.00332184,0.00386109)
 [0.00327069,0.00368768)
 [0.00325696,0.00346666)
 [0.00324252,0.00360376)
 [0.00322727,0.00364167)
 [0.0031817,0.00365341)
 [0.00312733,0.00324939)
 [0.00310802,0.00334693)
 [0.00310723,0.00349714)
 [0.00309693,0.00316641)
 [0.00308858,0.00363816)
 [0.00304487,0.00357025)
 [0.0030152,0.00332776)
 [0.00300392,0.00324832)
 [0.00299613,0.00354877)
 [0.00299504,0.00380477)
 [0.00298174,0.00467288)
 [0.00297167,0.0031388)
 [0.00296571,0.00330621)
 [0.00292321,0.00326072)
 [0.00291885,0.00343507)
 [0.00290901,0.00297098)
 [0.00287414,0.00316618)
 [0.00278422,0.00356968)
 [0.00277568,0.00277865)
 [0.00268832,0.0028729)
 [0.0026265,0.00289708)
 [0.00253941,0.00262059)
 [0.00252698,0.00274731)
 [0.00250272,0.00282965)
 [0.00247788,0.00303122)
 [0.00246503,0.00246954)
 [0.00242793,0.00284961)
 [0.00241938,0.00297529)
 [0.00241818,0.00242307)
 [0.00233095,0.00263146)
 [0.00232425,0.00259734)
 [0.00229622,0.00229936)
 [0.00227606,0.00282788)
 [0.0022265,0.00227201)
 [0.00221253,0.00291692)
 [0.00219449,0.00262194)
 [0.00214748,0.00216749)
 [0.00208684,0.00275505)
 [0.00204962,0.00216749)
 [0.00204375,0.00279439)
 [0.00201771,0.00217448)
 [0.00198252,0.00204648)
 [0.00197732,0.00199559)
 [0.00193834,0.00200994)
 [0.00193264,0.00208811)
 [0.00191098,0.00212454)
 [0.00190832,0.00231276)
 [0.00185493,0.00206265)
 [0.001847,0.00201603)
 [0.00183898,0.00194013)
 [0.00176939,0.00177282)
 [0.00175303,0.00184716)
 [0.00173887,0.0021151)
 [0.00172497,0.00179145)
 [0.00172452,0.00199624)
 [0.00170488,0.00180303)
 [0.00169028,0.00172369)
 [0.00150009,0.00171522)
 [0.00149726,0.00153953)
 [0.00143585,0.00164224)
 [0.00142464,0.00175512)
 [0.00134221,0.0016026)
 [0.00131546,0.00136153)
 [0.00131338,0.00156514)
 [0.00126189,0.00150249)
 [0.00121942,0.00131322)
 [0.000821155,0.000841482)
