persistence intervals in dim 1:
 [0.00818482,0.00824495)
 [0.00771861,0.00881017)
 [0.00735685,0.00848883)
 [0.00704068,0.00721785)
 [0.00661138,0.00667605)
 [0.00508051,0.00529309)
 [0.00472213,0.00605623)
 [0.0045502,0.00480126)
 [0.00454086,0.00463825)
 [0.00425036,0.00445543)
 [0.00417632,0.00455426)
 [0.00378063,0.00394413)
 [0.00370923,0.00383055)
 [0.00368833,0.00416375)
 [0.00361024,0.00378937)
 [0.00356509,0.00365552)
 [0.00355303,0.00383012)
 [0.0035017,0.00366753)
 [0.00329157,0.0035826)
 [0.0031526,0.00320438)
 [0.0029071,0.00338105)
 [0.00284041,0.00339282)
 [0.00271704,0.00294448)
 [0.00238204,0.00263661)
 [0.00231814,0.00263359)
 [0.0022695,0.00238695)
 [0.00215849,0.00242728)
 [0.00210192,0.00212782)
 [0.00203646,0.00232257)
 [0.00200105,0.00221665)
 [0.00188118,0.00190142)
 [0.0017648,0.00188102)
 [0.00163956,0.001672)
 [0.00162727,0.0019851)
 [0.00159899,0.0019297)
 [0.00156866,0.0017094)
 [0.00155246,0.00157577)
 [0.00148081,0.00155811)
 [0.00144977,0.00149448)
 [0.00141656,0.00166521)
 [0.00132034,0.00135384)
 [0.00114836,0.00115195)
 [0.0011047,0.00131926)
 [0.000993454,0.000999263)
 [0.000873283,0.000929436)
 [0.000864271,0.000912629)
 [0.000711543,0.000730536)
 [0.000684572,0.000784488)
 [0.000607008,0.000608811)
 [0.000575656,0.000613516)
 [0.000494921,0.00051164)
 [0.000486417,0.00049983)
 [0.000453708,0.000480457)
 [0.000424422,0.000481878)
 [0.000399556,0.000469845)
 [0.000392663,0.00048638)
 [0.000379326,0.000382426)
 [0.000331796,0.000350836)
 [0.000323211,0.000337232)
 [0.000316469,0.000316826)
 [0.000299657,0.000304772)
 [0.000278516,0.000299057)
 [0.000276246,0.000297522)
 [0.00023114,0.000232753)
 [0.000229666,0.000230923)
 [0.000217349,0.000245304)
 [0.0002103,0.000221423)
 [0.0001923,0.000218041)
 [0.000191924,0.000193662)
 [0.000188822,0.000223863)
 [0.000181088,0.000182673)
 [0.00017919,0.000182101)
 [0.000178388,0.000201231)
 [0.000177747,0.000200889)
 [0.000163692,0.000172036)
 [0.000157398,0.000167004)
 [0.000155321,0.000160854)
 [0.000151238,0.000154485)
 [0.000146353,0.00015144)
 [0.000145651,0.000177163)
 [0.000140336,0.000152792)
 [0.000138094,0.000139191)
 [0.000131612,0.000162707)
 [0.000126214,0.000158652)
 [0.000125833,0.000151423)
 [0.000122009,0.000149169)
 [0.000119675,0.000135448)
 [0.000119474,0.000173695)
 [0.000116351,0.000119418)
 [0.00011587,0.000116678)
 [0.000108051,0.000114166)
 [9.73401e-05,0.00010298)
 [9.6751e-05,0.00010854)
 [9.42078e-05,0.000108521)
 [8.85323e-05,0.000103706)
 [8.25887e-05,0.000102441)
 [5.66836e-05,6.53066e-05)
