persistence intervals in dim 1:
 [0.00963744,0.0103108)
 [0.00830354,0.00885451)
 [0.00754466,0.00773674)
 [0.00724495,0.00733439)
 [0.00712027,0.00725656)
 [0.00672058,0.00716811)
 [0.00546578,0.00608886)
 [0.0047029,0.00558891)
 [0.00432506,0.00457523)
 [0.00410892,0.00432281)
 [0.00393678,0.00443738)
 [0.00385181,0.00405785)
 [0.00379659,0.00495967)
 [0.00345516,0.0035084)
 [0.0034259,0.00345222)
 [0.0033226,0.00361255)
 [0.00321482,0.00370023)
 [0.0031217,0.00328444)
 [0.00306418,0.00314345)
 [0.00300538,0.00330636)
 [0.00294167,0.00391496)
 [0.00293195,0.00333933)
 [0.00291337,0.00321184)
 [0.00283135,0.00322968)
 [0.00282172,0.00338373)
 [0.00277516,0.00311638)
 [0.00275137,0.00288548)
 [0.00270674,0.00278704)
 [0.00268366,0.00285986)
 [0.00266572,0.00297461)
 [0.00264664,0.00303061)
 [0.00262601,0.00269744)
 [0.00258749,0.00276157)
 [0.00255485,0.00269131)
 [0.00250976,0.00254422)
 [0.00247965,0.00249917)
 [0.00240473,0.00301692)
 [0.00233865,0.00235938)
 [0.00229296,0.0023343)
 [0.00224351,0.00229518)
 [0.00222866,0.00269107)
 [0.00213837,0.00228911)
 [0.00207163,0.00219798)
 [0.00206878,0.00211195)
 [0.00206348,0.00245389)
 [0.00206011,0.00215366)
 [0.0020329,0.00240406)
 [0.00202609,0.00202919)
 [0.00201116,0.00244837)
 [0.0019972,0.00199813)
 [0.00199229,0.00233881)
 [0.00198693,0.00203892)
 [0.00198445,0.00211974)
 [0.00198272,0.00203521)
 [0.00196883,0.00253204)
 [0.00195,0.00223083)
 [0.00192756,0.00232194)
 [0.00190943,0.00239237)
 [0.00187259,0.00211529)
 [0.00186447,0.00213873)
 [0.00184983,0.00205717)
 [0.00184912,0.00198177)
 [0.0018272,0.00195697)
 [0.00176015,0.00205236)
 [0.00175982,0.0018028)
 [0.00175482,0.00194764)
 [0.00175138,0.00183336)
 [0.00173901,0.00177902)
 [0.00173599,0.00181024)
 [0.00173076,0.00184342)
 [0.00171843,0.00218887)
 [0.00170599,0.00191169)
 [0.00170484,0.00223528)
 [0.00170201,0.00174339)
 [0.00170022,0.00192111)
 [0.0016915,0.00173789)
 [0.00168412,0.00176364)
 [0.00168212,0.00179624)
 [0.00168207,0.00170662)
 [0.00166771,0.00175131)
 [0.00165742,0.00169668)
 [0.00164842,0.00203376)
 [0.00163471,0.00171961)
 [0.00163018,0.00165145)
 [0.00162912,0.00163123)
 [0.00162845,0.00184317)
 [0.00162068,0.00165933)
 [0.00161886,0.00172644)
 [0.00160375,0.00222084)
 [0.00159155,0.00163054)
 [0.00157472,0.00158624)
 [0.00156766,0.00161727)
 [0.00156233,0.00166825)
 [0.00155083,0.001661)
 [0.00152624,0.00175709)
 [0.00152132,0.00168183)
 [0.00151543,0.00156736)
 [0.00150393,0.00158796)
 [0.00150188,0.0016482)
 [0.00149813,0.00183773)
 [0.0014905,0.00153041)
 [0.00147927,0.0015767)
 [0.00147822,0.00148311)
 [0.00147541,0.00149099)
 [0.00147368,0.00163367)
 [0.00146262,0.001473)
 [0.00145946,0.00148216)
 [0.00145676,0.00154012)
 [0.00145501,0.00180357)
 [0.0014525,0.00169972)
 [0.00144922,0.00212714)
 [0.00144697,0.00153452)
 [0.00143304,0.00145396)
 [0.00141799,0.00142055)
 [0.00140606,0.00181514)
 [0.00140581,0.0014837)
 [0.00140065,0.00166228)
 [0.00139231,0.00181271)
 [0.00138641,0.00142214)
 [0.00138493,0.00139869)
 [0.00137785,0.00172244)
 [0.00137244,0.00145409)
 [0.00137069,0.0018588)
 [0.00136462,0.00143819)
 [0.00136254,0.00143966)
 [0.00136233,0.0014609)
 [0.00135816,0.00159002)
 [0.00135423,0.00139695)
 [0.00135382,0.00151946)
 [0.00134509,0.00157698)
 [0.00134429,0.00139963)
 [0.00132848,0.00152956)
 [0.00132787,0.00161586)
 [0.00131833,0.00147728)
 [0.00130693,0.00136679)
 [0.00130474,0.00134446)
 [0.00129979,0.00133008)
 [0.00129888,0.00144707)
 [0.00129804,0.0013584)
 [0.0012966,0.00147518)
 [0.00129065,0.0020067)
 [0.00128307,0.00183204)
 [0.00128072,0.00133622)
 [0.00126856,0.00160556)
 [0.00126507,0.00131189)
 [0.00126009,0.00133398)
 [0.00125015,0.00160665)
 [0.0012434,0.00147743)
 [0.00123104,0.00125897)
 [0.0012099,0.0014812)
 [0.00120917,0.00138343)
 [0.00120202,0.00133913)
 [0.0012004,0.00126956)
 [0.0011841,0.00121313)
 [0.00117952,0.00122196)
 [0.0011569,0.00117994)
 [0.00115665,0.00136428)
 [0.00113747,0.00153865)
 [0.00110598,0.00111573)
 [0.00110487,0.00119399)
 [0.0010924,0.00110492)
 [0.00108737,0.00109825)
 [0.0010845,0.00151998)
 [0.00107966,0.00127353)
 [0.00107367,0.00131368)
 [0.00106182,0.00122483)
 [0.00105029,0.00109953)
 [0.0010262,0.00117307)
 [0.00102519,0.00123738)
 [0.00102012,0.001134)
 [0.00101472,0.00122374)
 [0.00101377,0.00155338)
 [0.00100029,0.00109427)
 [0.000994303,0.00103163)
 [0.0009882,0.000990047)
 [0.000974708,0.00128088)
 [0.000971172,0.000979926)
 [0.000947084,0.00128788)
 [0.00094402,0.000970768)
 [0.000931157,0.00107999)
 [0.000912693,0.000923888)
 [0.000906672,0.000941613)
 [0.000902658,0.00094613)
 [0.000892306,0.000974706)
 [0.000883506,0.00100638)
 [0.000883492,0.000909749)
 [0.000860296,0.000999955)
 [0.000841509,0.00114762)
 [0.000824636,0.000908507)
 [0.000817952,0.000980971)
 [0.000813277,0.000843806)
 [0.000799272,0.000847059)
 [0.000795491,0.000941286)
 [0.000778706,0.000829803)
 [0.000757437,0.000896206)
 [0.000752918,0.00101899)
 [0.000752677,0.000788983)
 [0.000714161,0.000742179)
 [0.000695476,0.000709921)
 [0.000665983,0.000668106)
 [0.000488069,0.000528714)
