persistence intervals in dim 1:
 [0.0174452,0.0175115)
 [0.0102637,0.0129584)
 [0.00968094,0.0113578)
 [0.00952551,0.00977473)
 [0.00885746,0.0094877)
 [0.00864154,0.00878831)
 [0.00839886,0.00958861)
 [0.00839567,0.00854784)
 [0.00828079,0.00860324)
 [0.00816513,0.00840014)
 [0.00787734,0.0086584)
 [0.00778741,0.00963775)
 [0.00775212,0.00849095)
 [0.00745661,0.0080742)
 [0.00742739,0.00750978)
 [0.00709156,0.00824432)
 [0.00702561,0.00796882)
 [0.00695665,0.00842017)
 [0.00693405,0.00754434)
 [0.00690905,0.00773264)
 [0.0068863,0.00709833)
 [0.00687872,0.00792422)
 [0.00684413,0.00733281)
 [0.00678938,0.00689594)
 [0.00669215,0.00744643)
 [0.00653106,0.00663912)
 [0.00636823,0.00657751)
 [0.00626598,0.00649495)
 [0.00614102,0.00721988)
 [0.00564407,0.0056688)
 [0.00563323,0.00590913)
 [0.00546057,0.00627528)
 [0.00544667,0.00617648)
 [0.0052999,0.00627513)
 [0.00516727,0.00574549)
 [0.00500498,0.00531234)
 [0.00499658,0.0050725)
 [0.00487883,0.00510723)
 [0.00473073,0.0049323)
 [0.00470349,0.004925)
 [0.00468587,0.00475381)
 [0.00455321,0.00596873)
 [0.00454185,0.00507657)
 [0.00447901,0.00449305)
 [0.00444331,0.00465328)
 [0.00442406,0.00535948)
 [0.00428089,0.00558694)
 [0.00425989,0.00440445)
 [0.00425948,0.00524268)
 [0.00423265,0.00540979)
 [0.00423081,0.00447773)
 [0.00421083,0.00446812)
 [0.00418678,0.00440647)
 [0.00413783,0.00514489)
 [0.00412522,0.00466071)
 [0.00409574,0.00457861)
 [0.00404695,0.00500655)
 [0.00402165,0.00430993)
 [0.00398267,0.00402398)
 [0.00381225,0.00574347)
 [0.00381001,0.00488725)
 [0.00377588,0.00391073)
 [0.00377501,0.0037883)
 [0.00374527,0.00401001)
 [0.00368798,0.00438746)
 [0.00368159,0.00383801)
 [0.00364606,0.00394678)
 [0.00364223,0.00386064)
 [0.00363906,0.00474446)
 [0.00361893,0.00378334)
 [0.00356065,0.0037814)
 [0.00355407,0.00375594)
 [0.00354521,0.00408275)
 [0.00354507,0.00425056)
 [0.00353553,0.00370092)
 [0.00346921,0.00376602)
 [0.00343812,0.00359362)
 [0.00340492,0.00442015)
 [0.00339123,0.00341866)
 [0.00338353,0.00339411)
 [0.00337855,0.00345494)
 [0.00332206,0.00332326)
 [0.00324746,0.00360017)
 [0.00324321,0.00373952)
 [0.00323953,0.00345221)
 [0.00321014,0.00330305)
 [0.00319678,0.00361501)
 [0.0031572,0.0035359)
 [0.00309389,0.00364253)
 [0.00309122,0.00329397)
 [0.00307203,0.00351351)
 [0.00302451,0.00368673)
 [0.00299774,0.00391415)
 [0.00299547,0.00304625)
 [0.00296592,0.00345653)
 [0.00293341,0.00345083)
 [0.00290329,0.00312283)
 [0.00288615,0.00290655)
 [0.00284402,0.00295088)
 [0.0028366,0.002873)
 [0.00275,0.00315954)
 [0.00272963,0.00282931)
 [0.00272829,0.00279928)
 [0.00272014,0.00278144)
 [0.00267755,0.00302033)
 [0.00267345,0.00360547)
 [0.00266268,0.00270435)
 [0.0026405,0.00280522)
 [0.00261346,0.0029359)
 [0.00260692,0.00298713)
 [0.00257919,0.00264492)
 [0.00256692,0.00284453)
 [0.00255098,0.00258578)
 [0.0025421,0.00286768)
 [0.00252652,0.00275835)
 [0.00250878,0.00263853)
 [0.0025054,0.00267268)
 [0.00249741,0.00249746)
 [0.00245277,0.00277348)
 [0.00243479,0.00263666)
 [0.00243378,0.00312395)
 [0.00242406,0.00289667)
 [0.00241452,0.0025742)
 [0.00239145,0.00271401)
 [0.00236634,0.00291647)
 [0.00236474,0.00264645)
 [0.00234956,0.00277133)
 [0.00234015,0.00246248)
 [0.00228488,0.00276214)
 [0.00228299,0.00283887)
 [0.00225845,0.00271556)
 [0.00225302,0.00230447)
 [0.00221448,0.0025673)
 [0.00220006,0.00270107)
 [0.00217697,0.00230223)
 [0.00215629,0.00231911)
 [0.00213587,0.00235158)
 [0.00212525,0.00255227)
 [0.00210112,0.00235771)
 [0.00207711,0.00234332)
 [0.00207421,0.00214328)
 [0.00204973,0.00258238)
 [0.00204947,0.00205996)
 [0.00204901,0.00213557)
 [0.00197796,0.00218427)
 [0.00195378,0.00208452)
 [0.00190832,0.00222353)
 [0.00187744,0.00227105)
 [0.00185163,0.00200367)
 [0.00183729,0.00188571)
 [0.00182545,0.00188426)
 [0.00180591,0.00195483)
 [0.00172455,0.00185439)
 [0.00172419,0.00215044)
 [0.00164888,0.00176829)
 [0.00163593,0.001978)
 [0.00162862,0.00163857)
 [0.00162702,0.00164949)
 [0.00153383,0.00161541)
 [0.0015045,0.00183868)
 [0.00149624,0.00184037)
 [0.00142073,0.00151079)
 [0.00132334,0.00136518)
 [0.00127062,0.0016211)
 [0.00126877,0.00146446)
 [0.00103769,0.00109195)
 [0.000908697,0.000984998)
 [0.000750693,0.000878673)
