persistence intervals in dim 1:
 [0.0202764,0.0207768)
 [0.0161645,0.0164668)
 [0.0121505,0.012396)
 [0.0117997,0.0118658)
 [0.011769,0.0124594)
 [0.00880934,0.0117649)
 [0.00795159,0.00833691)
 [0.00782789,0.00823448)
 [0.00763688,0.00814196)
 [0.00762395,0.00800753)
 [0.00754862,0.00815813)
 [0.00727192,0.00813047)
 [0.00716765,0.00835708)
 [0.00700277,0.00707524)
 [0.00677117,0.00850589)
 [0.00676857,0.00701148)
 [0.00644597,0.00657608)
 [0.00637708,0.00741918)
 [0.00634827,0.00657235)
 [0.00625498,0.00700008)
 [0.00624857,0.0067584)
 [0.00624216,0.00667234)
 [0.00614934,0.00622776)
 [0.00608892,0.00669678)
 [0.00595626,0.00611668)
 [0.00594557,0.00615685)
 [0.00594481,0.00608493)
 [0.00591932,0.0084316)
 [0.00583585,0.00593481)
 [0.00581054,0.00619107)
 [0.00580502,0.00646421)
 [0.00580327,0.00613468)
 [0.00579547,0.00613102)
 [0.00575175,0.00736733)
 [0.00574445,0.00600294)
 [0.00569354,0.00600366)
 [0.00565938,0.00652176)
 [0.00562645,0.00566232)
 [0.0055795,0.00597895)
 [0.00555893,0.00664194)
 [0.00538544,0.00616905)
 [0.00538386,0.00555517)
 [0.00534874,0.006141)
 [0.00534266,0.00604846)
 [0.00531433,0.00548954)
 [0.00521581,0.00588595)
 [0.00516976,0.00531687)
 [0.00512994,0.0054024)
 [0.00492618,0.00499415)
 [0.0048558,0.00614081)
 [0.00478743,0.00681624)
 [0.00477484,0.00582173)
 [0.00473735,0.00482814)
 [0.00471097,0.00505948)
 [0.00461453,0.00593157)
 [0.00458386,0.00472564)
 [0.00446836,0.0050413)
 [0.00446312,0.00463446)
 [0.00442725,0.00605608)
 [0.00441662,0.00468653)
 [0.00439347,0.00514588)
 [0.00428062,0.00472018)
 [0.00424528,0.00441961)
 [0.00409264,0.0041278)
 [0.00407511,0.00453766)
 [0.00397462,0.00567585)
 [0.00394418,0.00405723)
 [0.00393367,0.00424308)
 [0.0039006,0.00405633)
 [0.00386986,0.00437454)
 [0.00382039,0.0039729)
 [0.00379971,0.00422324)
 [0.00376408,0.00387921)
 [0.00373687,0.00394408)
 [0.00373496,0.00385318)
 [0.00372565,0.00542039)
 [0.00370577,0.00371573)
 [0.00367204,0.00371788)
 [0.00364738,0.00426582)
 [0.00362843,0.00486948)
 [0.00358798,0.00438123)
 [0.00356933,0.00528788)
 [0.00353578,0.00393786)
 [0.00352174,0.00422153)
 [0.00351614,0.00359327)
 [0.00351525,0.00387473)
 [0.00346977,0.0036009)
 [0.00339722,0.00394113)
 [0.00334918,0.00391221)
 [0.00334019,0.0033866)
 [0.00333466,0.00503751)
 [0.00332922,0.0037349)
 [0.0032891,0.00350188)
 [0.00326272,0.00383307)
 [0.0032484,0.00332052)
 [0.00318763,0.00372414)
 [0.00314167,0.00362888)
 [0.00310009,0.00333444)
 [0.00309422,0.00344698)
 [0.00308812,0.00339573)
 [0.00305925,0.00358114)
 [0.00305625,0.0034803)
 [0.00304023,0.00406063)
 [0.00301419,0.00304072)
 [0.0029826,0.00312946)
 [0.00298039,0.00322619)
 [0.00297926,0.0036025)
 [0.00297565,0.00416716)
 [0.0029723,0.00380643)
 [0.00294918,0.00331063)
 [0.00294188,0.00298925)
 [0.00289658,0.0030222)
 [0.00289532,0.00325969)
 [0.00287406,0.00346451)
 [0.0028718,0.00291588)
 [0.00287131,0.00288515)
 [0.00286219,0.00291477)
 [0.00284656,0.00327628)
 [0.00283401,0.00292098)
 [0.0028145,0.00294019)
 [0.00281447,0.00283141)
 [0.00281428,0.0028994)
 [0.0027915,0.00329318)
 [0.00277959,0.0031095)
 [0.00274568,0.00280311)
 [0.00273821,0.00333747)
 [0.00273664,0.00334182)
 [0.0027301,0.00273978)
 [0.00271445,0.00279354)
 [0.00270319,0.00296078)
 [0.00270036,0.00278347)
 [0.00269843,0.00272342)
 [0.00269088,0.0031123)
 [0.00267589,0.00295855)
 [0.00266605,0.00320146)
 [0.00265759,0.00268314)
 [0.00264011,0.00294143)
 [0.00263378,0.00323688)
 [0.00262025,0.00322778)
 [0.0026153,0.00294631)
 [0.00261022,0.00275741)
 [0.00256915,0.0030356)
 [0.00255274,0.00304351)
 [0.00253299,0.00269498)
 [0.00252765,0.00296534)
 [0.00251172,0.0029036)
 [0.00249428,0.00249944)
 [0.00247297,0.00330183)
 [0.0024635,0.00257592)
 [0.00246159,0.00258302)
 [0.00243592,0.00260207)
 [0.00241569,0.00264197)
 [0.00241567,0.0024799)
 [0.00241499,0.00246729)
 [0.00240599,0.00278977)
 [0.00235945,0.00312307)
 [0.00233071,0.00238804)
 [0.00231836,0.00314627)
 [0.00230443,0.00246223)
 [0.00230257,0.00267618)
 [0.00230235,0.00231442)
 [0.0022581,0.00281398)
 [0.00225235,0.00230108)
 [0.00223141,0.00273593)
 [0.00219486,0.00231637)
 [0.00218002,0.0023427)
 [0.00216771,0.00231649)
 [0.00216645,0.00219871)
 [0.00216598,0.00322116)
 [0.00216169,0.00242886)
 [0.00214392,0.00340556)
 [0.0021351,0.00265871)
 [0.00208899,0.00218284)
 [0.00208844,0.00237053)
 [0.00207113,0.00211269)
 [0.002059,0.00242657)
 [0.00205795,0.0021914)
 [0.00205103,0.00242644)
 [0.00202729,0.00204373)
 [0.00198287,0.00235661)
 [0.00197815,0.00201233)
 [0.00194774,0.00202247)
 [0.0019125,0.00227913)
 [0.0018963,0.0020221)
 [0.00189325,0.00219518)
 [0.00187822,0.00214947)
 [0.00186972,0.00191872)
 [0.00185642,0.00191516)
 [0.00184843,0.00197329)
 [0.00177085,0.00179517)
 [0.00176999,0.00184448)
 [0.00176474,0.00190568)
 [0.00175019,0.00220638)
 [0.0017411,0.00181413)
 [0.00173828,0.00187996)
 [0.00172829,0.00195017)
 [0.0016926,0.00184775)
 [0.00166448,0.00170355)
 [0.00163017,0.00170065)
 [0.00159765,0.00172242)
 [0.00158679,0.00198997)
 [0.00158327,0.00171687)
 [0.00155962,0.00161474)
 [0.00155592,0.00197358)
 [0.00154532,0.00161124)
 [0.00153144,0.00165326)
 [0.00152551,0.00163675)
 [0.00151529,0.00167517)
 [0.00149756,0.00163636)
 [0.00149512,0.00207348)
 [0.00149247,0.00190903)
 [0.00148562,0.0015394)
 [0.00147691,0.0016164)
 [0.00145175,0.00166592)
 [0.00140243,0.00196436)
 [0.00140101,0.00156889)
 [0.00136058,0.00157377)
 [0.00135316,0.0016386)
 [0.0013439,0.00137833)
 [0.00132074,0.00142136)
 [0.00130785,0.00133799)
 [0.00127232,0.00131013)
 [0.00126867,0.0014102)
 [0.00117284,0.00134636)
 [0.00114973,0.00138501)
 [0.000967898,0.00100188)
