persistence intervals in dim 1:
 [0.046484,0.0497794)
 [0.0241708,0.0268219)
 [0.0237809,0.0251554)
 [0.0181872,0.0184768)
 [0.0118738,0.0135155)
 [0.0080435,0.00817695)
 [0.00785442,0.00816742)
 [0.00751761,0.00831173)
 [0.00702115,0.00703483)
 [0.00659978,0.00671282)
 [0.00615261,0.00783165)
 [0.00584389,0.00603842)
 [0.00527557,0.00545742)
 [0.00423768,0.00542184)
 [0.00383431,0.00441097)
 [0.00372958,0.0037544)
 [0.00358866,0.00396815)
 [0.00332691,0.00334821)
 [0.00324104,0.00331329)
 [0.0031253,0.00383423)
 [0.00299962,0.00323776)
 [0.00297548,0.00313913)
 [0.00290572,0.00305723)
 [0.00260937,0.0029766)
 [0.00258681,0.00412069)
 [0.00206313,0.00217104)
 [0.00200602,0.00220197)
 [0.0018769,0.00247387)
 [0.00187292,0.00194849)
 [0.00186867,0.00207849)
 [0.00181194,0.00197631)
 [0.00180846,0.00183452)
 [0.0017725,0.00188329)
 [0.00172014,0.00175)
 [0.00167215,0.0020608)
 [0.00160728,0.00166018)
 [0.00152395,0.0016135)
 [0.00151906,0.0015404)
 [0.00142813,0.00144214)
 [0.00141536,0.00143723)
 [0.0013959,0.0015249)
 [0.00137563,0.00138984)
 [0.00135525,0.00138968)
 [0.00134347,0.00155589)
 [0.00133354,0.00164543)
 [0.00132521,0.00152797)
 [0.00132262,0.00145971)
 [0.00130878,0.00138577)
 [0.00118316,0.00121729)
 [0.00109752,0.00131468)
 [0.0010924,0.00125709)
 [0.0010838,0.00118973)
 [0.00103877,0.0011485)
 [0.000995082,0.00111199)
 [0.000941327,0.0010039)
 [0.000933609,0.00096703)
 [0.000921017,0.000974976)
 [0.000909218,0.000965869)
 [0.000835582,0.000899772)
 [0.000797568,0.000928529)
 [0.000792,0.000945531)
 [0.000783173,0.000825007)
 [0.000774039,0.000801448)
 [0.000762466,0.000831034)
 [0.000759175,0.000820803)
 [0.00075659,0.00112549)
 [0.000753728,0.000778784)
 [0.000750012,0.000854325)
 [0.000744288,0.000886746)
 [0.000727385,0.00077073)
 [0.000710418,0.000721281)
 [0.00070419,0.000964499)
 [0.000692233,0.000735013)
 [0.000672632,0.000725405)
 [0.000657308,0.000662034)
 [0.000622525,0.000777022)
 [0.000604367,0.000632386)
 [0.000604275,0.000607228)
 [0.000575538,0.000721924)
 [0.000560004,0.000600913)
 [0.000557747,0.000823221)
 [0.000549494,0.000798335)
 [0.000548263,0.000691138)
 [0.000538674,0.000582677)
 [0.000538,0.000570986)
 [0.000528452,0.000681123)
 [0.000521683,0.00057525)
 [0.000517894,0.000547478)
 [0.000503157,0.000525463)
 [0.000498143,0.000586691)
 [0.000492951,0.000613027)
 [0.000485104,0.000504952)
 [0.000482134,0.000520124)
 [0.000478436,0.000622236)
 [0.000462815,0.000504778)
 [0.000459118,0.000583408)
 [0.000452328,0.000457398)
 [0.000449221,0.000594229)
 [0.000447008,0.000577046)
 [0.000437982,0.000468268)
 [0.000413511,0.000470232)
 [0.000411693,0.000475293)
 [0.00039433,0.000409033)
 [0.000389853,0.00040714)
 [0.000378133,0.000386973)
 [0.000365872,0.000398587)
 [0.000351054,0.000427456)
 [0.000335961,0.000364007)
 [0.00033491,0.000377313)
 [0.000331898,0.000378318)
 [0.000215399,0.000224403)
