persistence intervals in dim 1:
 [0.0143968,0.0146495)
 [0.0122128,0.0124784)
 [0.0119812,0.0120614)
 [0.00909036,0.00962701)
 [0.00849102,0.00931018)
 [0.00838325,0.00922085)
 [0.00814037,0.00816397)
 [0.00695502,0.00729109)
 [0.00649637,0.00702847)
 [0.00591669,0.00637136)
 [0.00565556,0.00607186)
 [0.00548142,0.00589243)
 [0.00520825,0.00568895)
 [0.00506411,0.0053893)
 [0.00503314,0.00534133)
 [0.00493484,0.00530728)
 [0.0046838,0.00554483)
 [0.00460904,0.00474972)
 [0.00445737,0.00475793)
 [0.00437967,0.00447978)
 [0.00435918,0.00447645)
 [0.00430504,0.00454274)
 [0.00428568,0.00436459)
 [0.00428019,0.00489644)
 [0.00422343,0.00430709)
 [0.00421907,0.00425491)
 [0.00405527,0.00413636)
 [0.00398203,0.00469338)
 [0.00392009,0.00407478)
 [0.00384891,0.0038542)
 [0.00383316,0.00426002)
 [0.00381075,0.00437126)
 [0.00373274,0.00386813)
 [0.00368355,0.00514936)
 [0.00361812,0.00409829)
 [0.00361423,0.00394857)
 [0.00360355,0.00404224)
 [0.00358805,0.00404456)
 [0.00348328,0.00358441)
 [0.00348186,0.00383317)
 [0.00339733,0.00439142)
 [0.00339669,0.00360738)
 [0.00324549,0.00430575)
 [0.0032401,0.00327365)
 [0.00320048,0.00320436)
 [0.00310489,0.00316392)
 [0.00306449,0.00307706)
 [0.00291313,0.00299302)
 [0.00289771,0.00317886)
 [0.00286762,0.00317337)
 [0.00281535,0.00344246)
 [0.00281467,0.00290472)
 [0.00273796,0.00302952)
 [0.00263991,0.00292143)
 [0.00263405,0.00298524)
 [0.002602,0.00284028)
 [0.00258739,0.00349473)
 [0.00255393,0.0028669)
 [0.00254009,0.00285544)
 [0.00252988,0.00260041)
 [0.00252959,0.00258418)
 [0.00246561,0.00318042)
 [0.00245488,0.00248176)
 [0.00243752,0.00252689)
 [0.00243469,0.00247779)
 [0.00243449,0.00293595)
 [0.00242168,0.0035985)
 [0.00240156,0.00340405)
 [0.00238263,0.00259566)
 [0.00231056,0.00237919)
 [0.00230545,0.00244396)
 [0.00229344,0.00264422)
 [0.00227469,0.00301209)
 [0.00227083,0.00266589)
 [0.0022603,0.00251075)
 [0.00225822,0.00227069)
 [0.00220909,0.00227117)
 [0.00215664,0.00221446)
 [0.00215049,0.0022303)
 [0.00210776,0.00230194)
 [0.00209373,0.002189)
 [0.00209334,0.0025058)
 [0.00208737,0.00222292)
 [0.00205347,0.002272)
 [0.00204889,0.00207074)
 [0.00204349,0.00234137)
 [0.00203248,0.00255722)
 [0.00200978,0.0022643)
 [0.0020061,0.00218126)
 [0.00200148,0.0021548)
 [0.00199136,0.00221554)
 [0.00196952,0.00208014)
 [0.00195143,0.00208524)
 [0.00194774,0.00208217)
 [0.00194181,0.00198992)
 [0.00192236,0.00202219)
 [0.00192003,0.00199335)
 [0.00191875,0.00194309)
 [0.00189613,0.00236883)
 [0.00188773,0.00203924)
 [0.00185564,0.00264489)
 [0.00185104,0.00199708)
 [0.00183288,0.0018424)
 [0.00182094,0.00183088)
 [0.00181053,0.00207604)
 [0.00179174,0.0022468)
 [0.00178927,0.00187074)
 [0.00178278,0.00190562)
 [0.00174405,0.00202196)
 [0.00173165,0.00217373)
 [0.00170075,0.00243718)
 [0.0016949,0.00172688)
 [0.00166123,0.00176614)
 [0.00165552,0.00166512)
 [0.00161611,0.00179482)
 [0.00161293,0.00187561)
 [0.00158896,0.00167888)
 [0.00158693,0.00168119)
 [0.00158595,0.00166043)
 [0.00157722,0.00161609)
 [0.00157221,0.00174898)
 [0.00156539,0.00183355)
 [0.00156476,0.0017548)
 [0.00154871,0.0022284)
 [0.00153956,0.00215523)
 [0.00153385,0.0017015)
 [0.00149995,0.00150916)
 [0.00149798,0.00180823)
 [0.00148916,0.00226476)
 [0.0013957,0.00146519)
 [0.00138278,0.00148396)
 [0.00137263,0.00154732)
 [0.00135096,0.00172068)
 [0.00132885,0.00177342)
 [0.00131177,0.00137596)
 [0.00129226,0.00139586)
 [0.00128108,0.0013696)
 [0.0012761,0.00129409)
 [0.00127488,0.00129697)
 [0.00126521,0.0014131)
 [0.001253,0.00145624)
 [0.00124879,0.00125949)
 [0.00123147,0.00160984)
 [0.00122988,0.00129157)
 [0.00121188,0.00131501)
 [0.00118834,0.0012137)
 [0.00116391,0.00117479)
 [0.00111922,0.00112473)
 [0.00108994,0.00110274)
 [0.00102135,0.00106399)
 [0.000915698,0.000934297)
 [0.000906745,0.00105362)
 [0.000904388,0.000930544)
 [0.000753161,0.00100234)
 [0.000692739,0.000909696)
