persistence intervals in dim 1:
 [0.0104812,0.0106447)
 [0.00995486,0.00999488)
 [0.00882298,0.00892198)
 [0.00832386,0.00886852)
 [0.00627747,0.00664273)
 [0.00567917,0.00573321)
 [0.00538034,0.00583594)
 [0.00533435,0.00594767)
 [0.00505107,0.00593991)
 [0.00486209,0.00506227)
 [0.00467394,0.00469796)
 [0.00411429,0.00431872)
 [0.00409314,0.00457607)
 [0.00397784,0.00404619)
 [0.00393376,0.00416554)
 [0.00387231,0.0039028)
 [0.00374003,0.0038999)
 [0.00372593,0.00470153)
 [0.00365172,0.00392121)
 [0.00357341,0.00412742)
 [0.00356167,0.0035911)
 [0.00349671,0.00353558)
 [0.00348282,0.00404105)
 [0.00345077,0.00347799)
 [0.00337764,0.00505455)
 [0.0031996,0.00368199)
 [0.00305927,0.00340792)
 [0.00300993,0.00319022)
 [0.0029984,0.00309377)
 [0.00299611,0.00388577)
 [0.00260461,0.00262392)
 [0.002593,0.00343344)
 [0.00259058,0.00279728)
 [0.00255176,0.00272572)
 [0.00251561,0.00270732)
 [0.00244532,0.00264912)
 [0.00236977,0.00240637)
 [0.00214986,0.00250188)
 [0.0021289,0.00215946)
 [0.00208992,0.00226937)
 [0.00205226,0.00212189)
 [0.002029,0.00261581)
 [0.00201293,0.00204784)
 [0.00192797,0.00210928)
 [0.00189381,0.00232479)
 [0.00186319,0.00189206)
 [0.00183788,0.00189708)
 [0.00181057,0.00213868)
 [0.00176872,0.00182095)
 [0.00173353,0.00176931)
 [0.00168497,0.00193125)
 [0.00165765,0.00181304)
 [0.0015726,0.00163009)
 [0.00148875,0.00196776)
 [0.00148054,0.001522)
 [0.00145121,0.00155748)
 [0.00141117,0.00157019)
 [0.00133259,0.00147274)
 [0.00132042,0.00138735)
 [0.00125345,0.0013594)
 [0.00117719,0.00152358)
 [0.00113709,0.00119505)
 [0.00106912,0.00111649)
 [0.00104966,0.00120071)
 [0.000993327,0.00105911)
 [0.000877491,0.000942411)
 [0.000864882,0.00091568)
 [0.000809714,0.000966866)
 [0.000803932,0.000855667)
 [0.00078876,0.000799209)
 [0.000752317,0.000765159)
 [0.000748908,0.000831373)
 [0.00072927,0.000807753)
 [0.000699175,0.000720855)
 [0.00067647,0.000793155)
 [0.000668021,0.000761974)
 [0.00064689,0.000712457)
 [0.000634291,0.000771955)
 [0.000620135,0.00066316)
 [0.00059965,0.000610662)
 [0.000598956,0.000867553)
 [0.000594218,0.00060539)
 [0.000578746,0.000758899)
 [0.000566087,0.000638843)
 [0.000551595,0.000653549)
 [0.000548306,0.000558272)
 [0.000545031,0.000559639)
 [0.000534703,0.000549607)
 [0.000496133,0.000561128)
 [0.000488557,0.000499347)
 [0.000484007,0.000506142)
 [0.000471432,0.000533164)
 [0.000471346,0.000551319)
 [0.000465731,0.000484212)
 [0.000457781,0.000491627)
 [0.000454737,0.000542505)
 [0.000429117,0.000477417)
 [0.000412892,0.000560502)
 [0.000403986,0.000422511)
 [0.000398748,0.000417143)
 [0.000397123,0.000471738)
 [0.000394615,0.000404269)
 [0.000389063,0.000399654)
 [0.000382429,0.000424194)
 [0.000370904,0.000371465)
 [0.00035459,0.000359292)
 [0.000351628,0.000464896)
 [0.000351069,0.00040952)
 [0.000344675,0.000393621)
 [0.000331675,0.000380209)
 [0.000320881,0.000367845)
 [0.000296617,0.00032967)
 [0.000290576,0.000302922)
 [0.000264622,0.00027029)
 [0.000257543,0.000286687)
 [0.000233248,0.000254955)
