persistence intervals in dim 1:
 [0.0151827,0.0172164)
 [0.0150903,0.0170738)
 [0.00810142,0.00830292)
 [0.00517278,0.00567051)
 [0.00368054,0.00376217)
 [0.00351194,0.00353591)
 [0.00327167,0.00393386)
 [0.00307019,0.00333907)
 [0.00250314,0.00265466)
 [0.00220527,0.00246748)
 [0.00208276,0.00258577)
 [0.00174305,0.00186877)
 [0.00160789,0.00166391)
 [0.00153646,0.00174797)
 [0.00125731,0.00153037)
 [0.00121345,0.00131233)
 [0.00119505,0.00123958)
 [0.000999141,0.00104658)
 [0.000928348,0.000989966)
 [0.000890767,0.000989692)
 [0.000846746,0.000908482)
 [0.000803089,0.000834116)
 [0.000800128,0.000820428)
 [0.00072708,0.00103363)
 [0.000679623,0.000720976)
 [0.000660859,0.00084724)
 [0.00065837,0.000705839)
 [0.000657349,0.000762072)
 [0.000645718,0.000677402)
 [0.000637925,0.000677869)
 [0.000627427,0.00068334)
 [0.000623481,0.000660466)
 [0.000611376,0.000612269)
 [0.000602535,0.000687822)
 [0.000588035,0.000603645)
 [0.000581477,0.000785451)
 [0.000561499,0.0006675)
 [0.000551366,0.000553453)
 [0.000546836,0.000552351)
 [0.000526977,0.000626426)
 [0.00052616,0.000643818)
 [0.000497145,0.000694945)
 [0.00049154,0.00054383)
 [0.000484905,0.000485422)
 [0.000482849,0.000562681)
 [0.000482698,0.000618854)
 [0.000473779,0.000526692)
 [0.000472563,0.000526275)
 [0.000468146,0.000498042)
 [0.000458175,0.000517016)
 [0.00043955,0.000576144)
 [0.000437876,0.000459021)
 [0.000437772,0.00047066)
 [0.000429405,0.000590768)
 [0.000423802,0.000479204)
 [0.000421888,0.000458632)
 [0.000418162,0.000445109)
 [0.000407804,0.00052643)
 [0.000407138,0.000443855)
 [0.000405466,0.000438576)
 [0.000403375,0.000427691)
 [0.000398711,0.000487418)
 [0.000398066,0.000440435)
 [0.000387786,0.000416396)
 [0.000378115,0.000382791)
 [0.000373023,0.000378993)
 [0.000372726,0.000387757)
 [0.000370392,0.000455825)
 [0.00036807,0.000398455)
 [0.000366713,0.000379971)
 [0.000366391,0.000613544)
 [0.000357235,0.000361808)
 [0.000352598,0.000449245)
 [0.000352197,0.000398917)
 [0.000346344,0.00039849)
 [0.000334602,0.000354264)
 [0.000322917,0.000336859)
 [0.000322885,0.00045262)
 [0.000317416,0.000359983)
 [0.000313426,0.000447144)
 [0.000307491,0.000315618)
 [0.000307359,0.000345946)
 [0.000305106,0.00032139)
 [0.000298195,0.00030328)
 [0.000292727,0.000315319)
 [0.000290581,0.00030358)
 [0.00028878,0.000299565)
 [0.000285701,0.000408974)
 [0.000278059,0.000375133)
 [0.000271092,0.000271236)
 [0.000270068,0.000277537)
 [0.000268793,0.000311609)
 [0.000265859,0.000306323)
 [0.000262837,0.00029143)
 [0.000257151,0.000284768)
 [0.000255573,0.000268824)
 [0.000254265,0.000272079)
 [0.000253135,0.000254049)
 [0.00025108,0.000279159)
 [0.00025049,0.00027468)
 [0.000250348,0.000264389)
 [0.000250135,0.000337759)
 [0.000250003,0.000257129)
 [0.000246319,0.000307421)
 [0.00024589,0.000275916)
 [0.000244972,0.000263007)
 [0.000244642,0.000341619)
 [0.000242701,0.00025823)
 [0.000242661,0.000269236)
 [0.000240347,0.000245861)
 [0.00023885,0.000240418)
 [0.000237924,0.000242453)
 [0.000236819,0.000292664)
 [0.000236157,0.00024928)
 [0.0002333,0.000256502)
 [0.000232432,0.000295572)
 [0.000232362,0.000391641)
 [0.000231461,0.000256607)
 [0.000229331,0.000273127)
 [0.000228584,0.000234614)
 [0.000228362,0.000290519)
 [0.00022729,0.000240883)
 [0.000226673,0.000353085)
 [0.000226551,0.000237642)
 [0.000225745,0.000257535)
 [0.000222633,0.000256209)
 [0.000222531,0.000226897)
 [0.000221578,0.000262913)
 [0.000221167,0.000236546)
 [0.000219224,0.00024676)
 [0.000213947,0.000231831)
 [0.000213939,0.000286823)
 [0.000212698,0.000227763)
 [0.00021225,0.000258666)
 [0.000212152,0.000310824)
 [0.000212097,0.000272069)
 [0.000211721,0.000212086)
 [0.000210646,0.00023287)
 [0.000209771,0.00027162)
 [0.000208988,0.000212686)
 [0.000207857,0.000219828)
 [0.000206739,0.000212272)
 [0.000206722,0.000209309)
 [0.000206446,0.000244949)
 [0.000201965,0.000215351)
 [0.00020025,0.000215351)
 [0.000197452,0.000237277)
 [0.000196115,0.000270482)
 [0.000193298,0.000243977)
 [0.000183611,0.000202161)
 [0.000180169,0.000191338)
 [0.000172308,0.000203243)
 [0.000169481,0.000174932)
 [0.000165533,0.000256758)
 [0.000158232,0.00019909)
 [0.000157283,0.000175299)
 [0.000140635,0.000141484)
 [0.00013204,0.000137129)
