persistence intervals in dim 1:
 [0.00593656,0.00604262)
 [0.00506967,0.00554791)
 [0.00438625,0.00468637)
 [0.00385844,0.00427747)
 [0.0033967,0.00342274)
 [0.00335968,0.00390068)
 [0.00334034,0.00360057)
 [0.00317738,0.0035496)
 [0.00311953,0.00449288)
 [0.0030488,0.00304955)
 [0.00284546,0.00290493)
 [0.00277266,0.00292397)
 [0.00272275,0.00306085)
 [0.00238593,0.00259151)
 [0.00237176,0.00278161)
 [0.00232778,0.00308742)
 [0.00229172,0.00242623)
 [0.00228106,0.00238192)
 [0.00226619,0.00267823)
 [0.00222782,0.00239078)
 [0.00222135,0.00265175)
 [0.00221038,0.00226013)
 [0.00216306,0.00229594)
 [0.00215838,0.00223287)
 [0.00210991,0.00245048)
 [0.00209682,0.0021571)
 [0.00202908,0.0022508)
 [0.00201984,0.00244245)
 [0.00201655,0.00300986)
 [0.00198004,0.00249569)
 [0.0019577,0.00217767)
 [0.00193296,0.00260274)
 [0.00190514,0.00207623)
 [0.00190344,0.00265587)
 [0.00190016,0.00202692)
 [0.00188786,0.00219354)
 [0.00187199,0.00209326)
 [0.00183619,0.00189831)
 [0.00181887,0.00198492)
 [0.00179435,0.00181955)
 [0.00178446,0.00202782)
 [0.00178353,0.00190448)
 [0.00176465,0.00194812)
 [0.001755,0.00182418)
 [0.0017313,0.00178196)
 [0.00171519,0.00190533)
 [0.00171245,0.00180175)
 [0.00170748,0.0022432)
 [0.00170064,0.00177357)
 [0.00169365,0.00186429)
 [0.00167781,0.00201704)
 [0.00167317,0.00173022)
 [0.00166445,0.00170969)
 [0.00163461,0.00196429)
 [0.00158118,0.00184683)
 [0.00156415,0.00164673)
 [0.00156014,0.00171094)
 [0.00154069,0.00166656)
 [0.00153742,0.00154242)
 [0.0015312,0.00155048)
 [0.00150079,0.00164907)
 [0.00147882,0.00159896)
 [0.00147407,0.00148563)
 [0.00143118,0.0015143)
 [0.00142498,0.001492)
 [0.00140068,0.0017414)
 [0.00138145,0.00147293)
 [0.00137224,0.00185864)
 [0.00133923,0.00155731)
 [0.00132613,0.00171286)
 [0.00128099,0.00128712)
 [0.00125186,0.00143261)
 [0.0012274,0.00123146)
 [0.0012045,0.00120632)
 [0.00118987,0.00122137)
 [0.00118459,0.00138685)
 [0.00117269,0.00148803)
 [0.00116967,0.00124485)
 [0.00115934,0.00143928)
 [0.00113159,0.001671)
 [0.00108659,0.00123999)
 [0.00108602,0.00133094)
 [0.00106131,0.00106988)
 [0.00101899,0.00110797)
 [0.000937702,0.000949119)
 [0.000858137,0.000986073)
 [0.000804698,0.00082922)
 [0.000796878,0.000949225)
 [0.000763155,0.000831871)
 [0.000754077,0.000895494)
 [0.000746112,0.000774944)
 [0.00068667,0.000780429)
 [0.000661792,0.000771224)
 [0.000645102,0.000701298)
 [0.000638657,0.000642769)
 [0.00063328,0.000652543)
 [0.000631622,0.000635661)
 [0.000615791,0.000653698)
 [0.000596194,0.000653867)
 [0.000581906,0.000630293)
 [0.000579436,0.000691729)
 [0.000578036,0.00062662)
 [0.000574348,0.000599616)
 [0.000572412,0.000600353)
 [0.000564183,0.000582638)
 [0.000550525,0.00055973)
 [0.000536472,0.000565453)
 [0.000504422,0.000513969)
 [0.000468259,0.000487564)
 [0.000464485,0.000501742)
 [0.000458633,0.000476693)
 [0.000455987,0.000471573)
 [0.000440902,0.000482968)
 [0.000440494,0.000449199)
 [0.000426049,0.000450132)
 [0.000414842,0.000418582)
 [0.000403837,0.00041059)
 [0.000395076,0.000397469)
 [0.000393444,0.000403416)
 [0.00038266,0.000394261)
 [0.000375843,0.000420112)
 [0.000358642,0.000427903)
 [0.000352809,0.00038268)
 [0.000308446,0.000388438)
 [0.000306914,0.000418707)
 [0.000164589,0.000171993)
