persistence intervals in dim 1:
 [0.0854909,0.0857522)
 [0.0467807,0.0494719)
 [0.0365861,0.0382693)
 [0.0362249,0.0370552)
 [0.0266697,0.0295105)
 [0.0241473,0.0250857)
 [0.0224857,0.0239295)
 [0.0217847,0.022053)
 [0.0194661,0.0196652)
 [0.0193271,0.0215843)
 [0.0185535,0.0201951)
 [0.0160708,0.0163574)
 [0.0136938,0.0146652)
 [0.0136109,0.0138027)
 [0.012871,0.0143166)
 [0.0125017,0.0137288)
 [0.0120994,0.0143992)
 [0.0119346,0.0123132)
 [0.0117986,0.0122461)
 [0.011561,0.015015)
 [0.0111971,0.0139258)
 [0.0108948,0.0122563)
 [0.0108551,0.0128182)
 [0.0107894,0.011329)
 [0.010668,0.0108446)
 [0.0104647,0.0113252)
 [0.0104296,0.0113355)
 [0.0103572,0.0107502)
 [0.0103313,0.0115845)
 [0.0101934,0.0106861)
 [0.00997141,0.0112524)
 [0.00997109,0.0126676)
 [0.00955219,0.0101191)
 [0.00897703,0.00924347)
 [0.00862066,0.0089449)
 [0.00846973,0.00861924)
 [0.0083556,0.0086205)
 [0.00833772,0.00998955)
 [0.00816719,0.0109779)
 [0.00809698,0.00861639)
 [0.00802853,0.0082292)
 [0.00780418,0.00928438)
 [0.00725595,0.0078115)
 [0.00725195,0.00732853)
 [0.0072451,0.00774917)
 [0.00721831,0.00757268)
 [0.00715911,0.00876457)
 [0.0071213,0.00716922)
 [0.0070506,0.00821327)
 [0.00695599,0.00699646)
 [0.00690986,0.00737362)
 [0.00686063,0.00705105)
 [0.00680627,0.00716287)
 [0.00661288,0.00697434)
 [0.00655889,0.00670552)
 [0.00606994,0.0062158)
 [0.00593899,0.00661735)
 [0.0058649,0.00656124)
 [0.00581848,0.00590631)
 [0.0057989,0.0065398)
 [0.00579715,0.00580299)
 [0.00574541,0.00658938)
 [0.00551611,0.00616997)
 [0.00535784,0.00544733)
 [0.00524603,0.00689764)
 [0.0052029,0.00547093)
 [0.00519176,0.00567336)
 [0.00518836,0.00519946)
 [0.00509897,0.0069993)
 [0.0050215,0.00688631)
 [0.0049873,0.00520412)
 [0.00496162,0.00597156)
 [0.00493448,0.00638779)
 [0.00489619,0.00537103)
 [0.00480486,0.00492253)
 [0.00478993,0.00506601)
 [0.00472428,0.00491051)
 [0.00463554,0.00496455)
 [0.0046001,0.00499697)
 [0.00453291,0.0049512)
 [0.00450492,0.00471515)
 [0.00444301,0.00490575)
 [0.00438636,0.00463633)
 [0.00435209,0.00451062)
 [0.00432705,0.00433474)
 [0.00432074,0.00637299)
 [0.00426348,0.00464854)
 [0.0042316,0.0045931)
 [0.00416786,0.0052858)
 [0.00415707,0.0044191)
 [0.0041515,0.0050925)
 [0.00410662,0.00437167)
 [0.00406282,0.00463963)
 [0.00402314,0.00468338)
 [0.00397727,0.00435171)
 [0.00396868,0.00483499)
 [0.00392436,0.00459075)
 [0.00388369,0.0039639)
 [0.00387713,0.0042348)
 [0.00386868,0.00409978)
 [0.00383154,0.00419439)
 [0.00379821,0.00411734)
 [0.00377351,0.00398446)
 [0.003763,0.00383669)
 [0.00373801,0.00383669)
 [0.00373631,0.0043878)
 [0.00371432,0.00462947)
 [0.00370853,0.0039843)
 [0.00369829,0.0045983)
 [0.00369171,0.00478258)
 [0.00366268,0.00410385)
 [0.00365684,0.00387024)
 [0.00356068,0.00402325)
 [0.00353156,0.00414561)
 [0.00351917,0.00550916)
 [0.003473,0.0039981)
 [0.00347174,0.00357165)
 [0.00345295,0.00382194)
 [0.00343823,0.0035304)
 [0.00339821,0.00455161)
 [0.00339212,0.00383963)
 [0.00338936,0.00350781)
 [0.00336346,0.00355452)
 [0.00333313,0.00348252)
 [0.00331738,0.00372866)
 [0.00325852,0.00335555)
 [0.00322492,0.00352975)
 [0.00322271,0.00391702)
 [0.00314168,0.00383372)
 [0.00311888,0.00335444)
 [0.00304581,0.00311957)
 [0.0029965,0.00527133)
 [0.00295925,0.00356048)
 [0.00293497,0.00299156)
 [0.00289893,0.00321668)
 [0.00289157,0.00364181)
 [0.00282107,0.0032392)
 [0.00273829,0.00276202)
 [0.00270627,0.00282484)
 [0.00268689,0.00292007)
 [0.00265323,0.00299526)
 [0.00262374,0.00286439)
 [0.00262187,0.00304094)
 [0.00257281,0.00313331)
 [0.00254808,0.00273076)
 [0.00252388,0.00304751)
 [0.00249424,0.00261294)
 [0.00248306,0.00286698)
 [0.00247708,0.0025487)
 [0.00244876,0.0030292)
 [0.00242629,0.00277449)
 [0.00242459,0.00243001)
 [0.00241742,0.00245994)
 [0.00237167,0.00270113)
 [0.0023675,0.00241642)
 [0.00234797,0.00254482)
 [0.0023331,0.00247612)
 [0.00233248,0.0024184)
 [0.00232231,0.00233667)
 [0.00230724,0.00250005)
 [0.00225842,0.00227434)
 [0.00221108,0.00247751)
 [0.00218,0.00329481)
 [0.00217348,0.00227511)
 [0.00213707,0.00222039)
 [0.00212972,0.00264357)
 [0.00211217,0.00239611)
 [0.00209439,0.002156)
 [0.00209401,0.00235021)
 [0.00208121,0.00241929)
 [0.0020633,0.00247635)
 [0.00201047,0.00221415)
 [0.00198356,0.00210567)
 [0.00198219,0.00258598)
 [0.00195722,0.00206647)
 [0.00191783,0.00195726)
 [0.00191166,0.00199387)
 [0.00182219,0.00226018)
 [0.00178805,0.00206302)
 [0.00176296,0.00180133)
 [0.00175128,0.00213481)
 [0.00171699,0.00183148)
 [0.00169356,0.00174292)
 [0.00157596,0.00158841)
 [0.00145937,0.00149095)
 [0.00128577,0.00128613)
 [0.00125837,0.00146831)
 [0.0010732,0.0011472)
 [0.00104598,0.00106291)
 [0.00103388,0.00104972)
 [0.000970908,0.00107239)
 [0.000849837,0.00102213)
