persistence intervals in dim 1:
 [0.00385233,0.00418045)
 [0.00374581,0.00407565)
 [0.00343,0.00363165)
 [0.00305099,0.00350384)
 [0.00301905,0.00317657)
 [0.00277474,0.00307793)
 [0.00268597,0.00269577)
 [0.00263283,0.00329646)
 [0.00262112,0.00283063)
 [0.00248983,0.00266278)
 [0.00248169,0.00270221)
 [0.00247165,0.00249671)
 [0.00243028,0.00246642)
 [0.00242721,0.00308113)
 [0.00228234,0.00249848)
 [0.00216438,0.00241205)
 [0.00212326,0.00217696)
 [0.00211972,0.00237153)
 [0.00210744,0.00291928)
 [0.00208989,0.00223905)
 [0.00206061,0.00248792)
 [0.00199821,0.00230804)
 [0.00196633,0.00199593)
 [0.00192297,0.001943)
 [0.00192011,0.0020851)
 [0.00191815,0.00236453)
 [0.00183849,0.00256877)
 [0.00183265,0.00191415)
 [0.00179286,0.00188692)
 [0.00176117,0.00197183)
 [0.00174591,0.00175468)
 [0.00174412,0.00183789)
 [0.00174029,0.0017659)
 [0.00173857,0.00211627)
 [0.00171844,0.00175192)
 [0.00169927,0.00185562)
 [0.00169625,0.00176537)
 [0.00169438,0.00202037)
 [0.0016889,0.00201624)
 [0.00167125,0.001782)
 [0.00166464,0.00201522)
 [0.00164989,0.00179199)
 [0.00164417,0.00178459)
 [0.0016418,0.00167802)
 [0.0016405,0.00188517)
 [0.00163089,0.00226415)
 [0.00160264,0.00185957)
 [0.00156447,0.00176792)
 [0.00155816,0.00172242)
 [0.00152787,0.00163285)
 [0.00152479,0.00164211)
 [0.00152448,0.00178152)
 [0.00151813,0.00161802)
 [0.00151743,0.00153633)
 [0.00151635,0.00156996)
 [0.00151609,0.00198506)
 [0.00150276,0.00173624)
 [0.00150166,0.00151541)
 [0.0014786,0.00161658)
 [0.00147461,0.00181988)
 [0.00145994,0.00173374)
 [0.00144214,0.00182027)
 [0.00144133,0.00179538)
 [0.00143054,0.00147122)
 [0.00142262,0.00143475)
 [0.00141767,0.00164047)
 [0.00140979,0.00142442)
 [0.00140793,0.0016114)
 [0.00140722,0.00158147)
 [0.00140318,0.00174124)
 [0.00140168,0.00149537)
 [0.00139886,0.0015751)
 [0.00139472,0.00152687)
 [0.00138286,0.0014773)
 [0.00136598,0.00138262)
 [0.00133877,0.00147991)
 [0.00133246,0.00170527)
 [0.00132902,0.00146337)
 [0.00131782,0.00137132)
 [0.00131747,0.001401)
 [0.00131501,0.00142357)
 [0.00131202,0.00133857)
 [0.0013086,0.00135219)
 [0.00129397,0.00150999)
 [0.00129368,0.00156923)
 [0.00128054,0.00128522)
 [0.00127418,0.00129367)
 [0.00126826,0.00137834)
 [0.00126799,0.00126856)
 [0.00126538,0.00157025)
 [0.00125418,0.00125983)
 [0.00124691,0.00126023)
 [0.00124265,0.00124266)
 [0.00124194,0.00136702)
 [0.00123471,0.00133123)
 [0.00123348,0.00128405)
 [0.0012285,0.00154402)
 [0.00122606,0.00141262)
 [0.00121554,0.00124085)
 [0.00121528,0.00146746)
 [0.00121003,0.00151499)
 [0.00120134,0.0012057)
 [0.0011931,0.00129827)
 [0.00118483,0.00130507)
 [0.00118245,0.00135117)
 [0.00118177,0.00120798)
 [0.00116997,0.00122562)
 [0.00116389,0.00132905)
 [0.00115425,0.00118204)
 [0.00114993,0.0011988)
 [0.00114112,0.00136103)
 [0.00113424,0.00113562)
 [0.00113013,0.00125905)
 [0.00112778,0.00138014)
 [0.0011238,0.00113473)
 [0.00110886,0.00128757)
 [0.00109977,0.00121652)
 [0.00109322,0.00109834)
 [0.00108684,0.0011112)
 [0.00105293,0.00109329)
 [0.00105256,0.001272)
 [0.00105177,0.00112435)
 [0.00105076,0.00132905)
 [0.00104828,0.00108138)
 [0.00103551,0.00115413)
 [0.00102328,0.00109016)
 [0.00101571,0.00107237)
 [0.00100858,0.00101053)
 [0.00100611,0.00107122)
 [0.0010057,0.00129691)
 [0.00100495,0.00113306)
 [0.00100109,0.00100742)
 [0.00099988,0.0011276)
 [0.000983132,0.000985196)
 [0.000981806,0.0015218)
 [0.000980547,0.00105937)
 [0.000979389,0.00112757)
 [0.000972206,0.000982721)
 [0.000956456,0.000990165)
 [0.000952652,0.00112311)
 [0.000948355,0.001041)
 [0.000945712,0.00101211)
 [0.000944272,0.000966199)
 [0.000928553,0.000951548)
 [0.000921975,0.0010033)
 [0.000916392,0.00105744)
 [0.000890645,0.00101932)
 [0.00088043,0.00115901)
 [0.000874791,0.000905828)
 [0.00087203,0.000933251)
 [0.000871939,0.000951918)
 [0.000871062,0.000936222)
 [0.000865216,0.00089972)
 [0.000860185,0.000997218)
 [0.000859114,0.00087099)
 [0.000847481,0.000987055)
 [0.000837862,0.000866365)
 [0.000819808,0.000832637)
 [0.000816637,0.00105167)
 [0.000814878,0.000854105)
 [0.000814427,0.00108053)
 [0.000808354,0.00086102)
 [0.00079979,0.00086962)
 [0.000794512,0.000812437)
 [0.000791786,0.00101227)
 [0.000791067,0.000839268)
 [0.000784701,0.000874672)
 [0.000784291,0.000949344)
 [0.000762259,0.000797932)
 [0.000761502,0.000787625)
 [0.00075172,0.000858483)
 [0.000750325,0.000800004)
 [0.000732138,0.000883809)
 [0.000728764,0.000741092)
 [0.000724391,0.000757276)
 [0.000721568,0.000737708)
 [0.00071742,0.000743156)
 [0.000714699,0.000742877)
 [0.000711143,0.000908375)
 [0.000705869,0.000716581)
 [0.000697164,0.000699004)
 [0.000694176,0.000780443)
 [0.000685655,0.000691097)
 [0.000664448,0.00092714)
 [0.000661313,0.000752085)
 [0.000656987,0.0007232)
 [0.000653349,0.000698979)
 [0.00064797,0.000929684)
 [0.000631878,0.000639756)
 [0.00062715,0.000716772)
 [0.000621454,0.000669216)
 [0.000613972,0.000700433)
 [0.000609903,0.000622774)
 [0.000599186,0.000744025)
 [0.000585562,0.000753474)
 [0.000570822,0.000646393)
 [0.00056644,0.000618166)
 [0.00055571,0.000578557)
 [0.000551877,0.000770188)
 [0.000497893,0.000609411)
 [0.000393786,0.000496175)
