persistence intervals in dim 1:
 [0.0205189,0.0214102)
 [0.0198548,0.0199768)
 [0.0153159,0.015603)
 [0.0150675,0.0152628)
 [0.0138035,0.0156605)
 [0.0116905,0.0127406)
 [0.0106016,0.0115058)
 [0.0105858,0.0111694)
 [0.010312,0.0104521)
 [0.0100688,0.0105753)
 [0.00986011,0.0105172)
 [0.00921689,0.0103546)
 [0.00908127,0.010594)
 [0.00838554,0.00841696)
 [0.00837565,0.00842777)
 [0.00826365,0.00864745)
 [0.00824708,0.00849985)
 [0.00807311,0.00877073)
 [0.00796714,0.00797339)
 [0.00783573,0.00874665)
 [0.00751034,0.0076663)
 [0.00749689,0.00968277)
 [0.00722372,0.00874917)
 [0.00710951,0.0087604)
 [0.00701314,0.00716765)
 [0.00677874,0.00680537)
 [0.0064716,0.00710598)
 [0.0062714,0.00719072)
 [0.00624069,0.00625029)
 [0.00580063,0.00704071)
 [0.0056755,0.00598815)
 [0.00566006,0.00587507)
 [0.00563639,0.00569262)
 [0.00550096,0.00726825)
 [0.00537891,0.00553046)
 [0.00528985,0.00645443)
 [0.00522605,0.00536065)
 [0.00505507,0.00505794)
 [0.00494853,0.00536681)
 [0.00491091,0.00515495)
 [0.00490357,0.00496333)
 [0.00485996,0.00497294)
 [0.00485959,0.00546934)
 [0.00485948,0.00492157)
 [0.00485788,0.00531335)
 [0.00485328,0.00535186)
 [0.00482894,0.00502619)
 [0.00470627,0.00609161)
 [0.00458757,0.0047937)
 [0.00455654,0.00465483)
 [0.00452774,0.00473373)
 [0.004527,0.00456832)
 [0.00452589,0.00476475)
 [0.00444866,0.00674703)
 [0.0044337,0.00475266)
 [0.0043862,0.00511214)
 [0.0043673,0.00439316)
 [0.00433791,0.00484902)
 [0.00430742,0.00457408)
 [0.00415572,0.00419201)
 [0.00413523,0.00444815)
 [0.00409831,0.0049912)
 [0.00408237,0.00438411)
 [0.00403374,0.00448105)
 [0.00400803,0.00448451)
 [0.0039679,0.00576494)
 [0.00396696,0.00444878)
 [0.0039664,0.0049706)
 [0.00395365,0.00468165)
 [0.00389589,0.00469623)
 [0.00380299,0.00407771)
 [0.00375897,0.00425043)
 [0.00371805,0.003767)
 [0.00368482,0.00408555)
 [0.00363511,0.00432665)
 [0.00363155,0.0037739)
 [0.00362878,0.00492091)
 [0.00362343,0.00424268)
 [0.00357606,0.00455509)
 [0.00354951,0.00371323)
 [0.00353031,0.00357218)
 [0.00350668,0.00377211)
 [0.00350286,0.00378901)
 [0.00349903,0.00398504)
 [0.00348231,0.00397442)
 [0.00347569,0.00380439)
 [0.00346593,0.00365212)
 [0.00345903,0.00413393)
 [0.00345725,0.0039337)
 [0.00342884,0.00362741)
 [0.00339457,0.00379618)
 [0.00336443,0.00467588)
 [0.0033595,0.0039313)
 [0.0033336,0.00370028)
 [0.00332243,0.00342792)
 [0.00327569,0.00347116)
 [0.00326757,0.00357233)
 [0.00326105,0.00328609)
 [0.00326032,0.00360743)
 [0.00321467,0.00332431)
 [0.00321191,0.00358927)
 [0.00317034,0.00500469)
 [0.00315853,0.00380823)
 [0.00315845,0.00363197)
 [0.00315538,0.0031581)
 [0.00314658,0.00375208)
 [0.00314554,0.00405208)
 [0.00314489,0.00326994)
 [0.00314113,0.00357847)
 [0.00313164,0.00350396)
 [0.00311645,0.0032807)
 [0.0030973,0.0033061)
 [0.00309128,0.00391147)
 [0.00307363,0.00311432)
 [0.00307157,0.00398234)
 [0.00303917,0.00347085)
 [0.00303202,0.00333039)
 [0.00301736,0.00309266)
 [0.00301578,0.00303158)
 [0.00300954,0.00310868)
 [0.00300463,0.00309137)
 [0.00295765,0.00321136)
 [0.00295158,0.0030654)
 [0.00293216,0.00307331)
 [0.00291026,0.00346382)
 [0.00290509,0.0029678)
 [0.0028921,0.00400018)
 [0.00288267,0.00301381)
 [0.00287962,0.00304235)
 [0.00285773,0.00383998)
 [0.00283021,0.00306606)
 [0.00280679,0.00291241)
 [0.00277873,0.00292061)
 [0.00275824,0.00312381)
 [0.00274381,0.00294551)
 [0.00273705,0.00306284)
 [0.00270976,0.00272443)
 [0.00266062,0.00270242)
 [0.00265021,0.00299312)
 [0.00264413,0.00300428)
 [0.00264377,0.00291354)
 [0.00263706,0.00282221)
 [0.00263257,0.00279658)
 [0.00262282,0.00318392)
 [0.00262039,0.00306841)
 [0.00261748,0.00345635)
 [0.00261336,0.00279483)
 [0.00260592,0.00283246)
 [0.00258683,0.00260528)
 [0.00258682,0.00350583)
 [0.00256639,0.00317863)
 [0.00256312,0.0028687)
 [0.0025605,0.00257915)
 [0.00255719,0.00262627)
 [0.00255592,0.00320013)
 [0.00254672,0.00265936)
 [0.00252126,0.00277639)
 [0.00251701,0.00256215)
 [0.00251043,0.00287581)
 [0.00248653,0.00274237)
 [0.00246888,0.00286923)
 [0.00245699,0.00257538)
 [0.00241398,0.00292411)
 [0.00239617,0.00301076)
 [0.00239169,0.00240512)
 [0.00238684,0.00264193)
 [0.00237399,0.00245691)
 [0.00237351,0.00242914)
 [0.0023665,0.00241309)
 [0.00236076,0.00240033)
 [0.00233657,0.00271607)
 [0.00233283,0.00239487)
 [0.00230587,0.00242376)
 [0.00222477,0.0024679)
 [0.00221786,0.00237073)
 [0.00221059,0.00256907)
 [0.00219354,0.00321508)
 [0.00218103,0.00290757)
 [0.00217854,0.00269368)
 [0.0021735,0.00260356)
 [0.00216895,0.00280926)
 [0.00216481,0.0027352)
 [0.00216391,0.0022928)
 [0.00215455,0.00236751)
 [0.00214143,0.00215204)
 [0.00213389,0.00215861)
 [0.00211406,0.00235735)
 [0.002072,0.00239198)
 [0.00205009,0.00250255)
 [0.00204909,0.00300431)
 [0.00203634,0.00206758)
 [0.00203503,0.00231621)
 [0.00200319,0.00210876)
 [0.00196844,0.00213284)
 [0.00194565,0.00239092)
 [0.00194158,0.00241593)
 [0.00193785,0.00208869)
 [0.00186434,0.00198447)
 [0.00183417,0.00223175)
 [0.00182955,0.00217487)
 [0.00181662,0.00229276)
 [0.00180895,0.00180998)
 [0.00178858,0.00185541)
 [0.0017674,0.00214073)
 [0.00174577,0.00195829)
 [0.0017383,0.0017799)
 [0.00173709,0.00206182)
 [0.00169894,0.00190218)
 [0.00169792,0.00202696)
 [0.00167515,0.00178972)
 [0.00166845,0.00213467)
 [0.00166539,0.00167285)
 [0.0016577,0.00166271)
 [0.0016343,0.00188175)
 [0.0016086,0.00223413)
 [0.00160663,0.00164465)
 [0.0015948,0.00207824)
 [0.00156336,0.00164236)
 [0.00154591,0.00157679)
 [0.00150883,0.00157631)
 [0.00150777,0.00181077)
 [0.00150555,0.00157614)
 [0.00150363,0.00160257)
 [0.00142884,0.00147312)
 [0.0014163,0.00150316)
 [0.00139848,0.00174069)
 [0.001151,0.00121873)
