persistence intervals in dim 1:
 [0.00183764,0.00183818)
 [0.00139856,0.00141458)
 [0.00127697,0.00150532)
 [0.00109327,0.00112683)
 [0.00106986,0.00114738)
 [0.000916184,0.00100032)
 [0.000847693,0.000894165)
 [0.000829497,0.000885122)
 [0.00070709,0.00074173)
 [0.000677709,0.000727464)
 [0.000663931,0.000666798)
 [0.000607494,0.000797492)
 [0.000596497,0.00072175)
 [0.000573237,0.00058669)
 [0.000546531,0.000606177)
 [0.000536936,0.000572436)
 [0.000534944,0.000559656)
 [0.000525238,0.000542408)
 [0.000520378,0.000592809)
 [0.000515943,0.000524488)
 [0.000514299,0.000563261)
 [0.000488827,0.000561973)
 [0.000480322,0.000493186)
 [0.000478792,0.000495794)
 [0.000470988,0.000553764)
 [0.000470983,0.000474473)
 [0.000468458,0.000497033)
 [0.000463712,0.000469857)
 [0.000451802,0.00048266)
 [0.000447772,0.000457149)
 [0.000434966,0.000484112)
 [0.000426662,0.000514869)
 [0.000424628,0.000462366)
 [0.000412091,0.000450954)
 [0.00041013,0.000415177)
 [0.000407341,0.000429849)
 [0.000405391,0.000406617)
 [0.000401948,0.000429858)
 [0.000398774,0.000412052)
 [0.000389897,0.000455925)
 [0.000387771,0.000422039)
 [0.000384203,0.000388082)
 [0.000383273,0.000494587)
 [0.000381229,0.000392394)
 [0.000371303,0.000371537)
 [0.000368614,0.000473521)
 [0.000364852,0.000365621)
 [0.000363816,0.00042322)
 [0.000362246,0.000384741)
 [0.000360604,0.000372829)
 [0.000359387,0.000363428)
 [0.00035742,0.000360927)
 [0.0003569,0.000372365)
 [0.00035366,0.000391076)
 [0.000353631,0.00041325)
 [0.000351686,0.000462018)
 [0.000350441,0.000403551)
 [0.000346124,0.000385343)
 [0.000341881,0.000367893)
 [0.000341695,0.000393353)
 [0.000340982,0.000344856)
 [0.000340498,0.000350339)
 [0.000336373,0.000371673)
 [0.000335289,0.000348464)
 [0.000334413,0.0003405)
 [0.00032746,0.000370736)
 [0.000326935,0.000332223)
 [0.000326097,0.000417613)
 [0.000319774,0.000335164)
 [0.000316436,0.000350177)
 [0.000315693,0.00032988)
 [0.000308354,0.00034238)
 [0.000304757,0.000313951)
 [0.000303567,0.000319176)
 [0.000299723,0.000392325)
 [0.000299687,0.0003193)
 [0.000295036,0.000333918)
 [0.00029501,0.000333758)
 [0.000294934,0.000317633)
 [0.000293144,0.000340761)
 [0.000290686,0.000420364)
 [0.000290202,0.000306164)
 [0.000286256,0.000391471)
 [0.000282832,0.000321971)
 [0.000281512,0.000288523)
 [0.000280632,0.000323298)
 [0.000279099,0.000282152)
 [0.000274635,0.000359146)
 [0.000272062,0.000327005)
 [0.000271466,0.000310054)
 [0.000270691,0.000282187)
 [0.00026986,0.000330092)
 [0.000267867,0.00029758)
 [0.000266025,0.000316253)
 [0.000263323,0.000278845)
 [0.000262556,0.000268227)
 [0.000260211,0.000297971)
 [0.00025788,0.000265786)
 [0.000256974,0.000260411)
 [0.00025624,0.000310282)
 [0.000255017,0.000261384)
 [0.000254929,0.00033522)
 [0.000254599,0.00028378)
 [0.000253727,0.000285076)
 [0.000249209,0.000274047)
 [0.000248292,0.000271399)
 [0.000248184,0.000382639)
 [0.000244977,0.000295278)
 [0.000244028,0.000295707)
 [0.000243188,0.000263713)
 [0.000242218,0.000246148)
 [0.000241818,0.000282295)
 [0.000239724,0.000286401)
 [0.000238049,0.000259887)
 [0.000237827,0.000243355)
 [0.000237677,0.000272284)
 [0.000234288,0.000302605)
 [0.000234154,0.000275071)
 [0.000233111,0.000270747)
 [0.000231512,0.000243242)
 [0.000231388,0.00029663)
 [0.000231312,0.000231982)
 [0.000230853,0.000296583)
 [0.000228987,0.000240469)
 [0.000228743,0.000240443)
 [0.000227764,0.000237096)
 [0.000225919,0.000227302)
 [0.000225518,0.000241656)
 [0.000224303,0.000225524)
 [0.000223859,0.000231296)
 [0.000223255,0.000239739)
 [0.000220913,0.00024727)
 [0.000220447,0.000234872)
 [0.000219118,0.000263827)
 [0.000218972,0.000241101)
 [0.000218455,0.000229349)
 [0.000217901,0.000241183)
 [0.000214948,0.000237952)
 [0.000214337,0.00024222)
 [0.000214275,0.000263793)
 [0.000209864,0.000226674)
 [0.00020299,0.00023208)
 [0.000202751,0.000282627)
 [0.000201999,0.000287123)
 [0.000200226,0.000236392)
 [0.000198991,0.000212399)
 [0.000198805,0.000204211)
 [0.000197538,0.000293508)
 [0.00019361,0.000219096)
 [0.000193437,0.000206009)
 [0.000189918,0.000222786)
 [0.00018956,0.000195862)
 [0.000189258,0.000243749)
 [0.000188757,0.000256161)
 [0.000187056,0.000194487)
 [0.000186046,0.000224931)
 [0.00018566,0.000193002)
 [0.000181821,0.000188058)
 [0.000179238,0.000210077)
 [0.000177022,0.000206715)
 [0.000174535,0.000186736)
 [0.000170952,0.000202529)
 [0.000167753,0.000185367)
 [0.000158626,0.000174334)
 [0.000158147,0.000190381)
 [0.000156887,0.000157266)
 [0.000153808,0.000195164)
 [0.000153396,0.000161017)
 [0.000151282,0.000151361)
 [0.00015111,0.00016778)
 [0.000148715,0.000150312)
 [0.00014848,0.000185369)
 [0.000145291,0.000197779)
 [0.000145142,0.000213826)
 [0.000142443,0.000162691)
 [0.000132483,0.000142666)
 [0.000128041,0.000130495)
 [0.000123072,0.000141809)
 [0.000120432,0.000150645)
 [0.000120317,0.000126593)
 [0.000116163,0.000125899)
 [0.000113605,0.000136213)
 [0.000110494,0.00012092)
 [7.99382e-05,8.99511e-05)
