persistence intervals in dim 1:
 [0.00466639,0.00493675)
 [0.00349044,0.00411017)
 [0.00345273,0.00383472)
 [0.00327228,0.00342175)
 [0.00313662,0.00354977)
 [0.00311346,0.00322974)
 [0.0030233,0.00332013)
 [0.00292794,0.00372266)
 [0.00283125,0.00326828)
 [0.0028198,0.00293541)
 [0.00272325,0.00340656)
 [0.00266629,0.00279749)
 [0.00264171,0.0026983)
 [0.0026033,0.00265859)
 [0.00259116,0.0026817)
 [0.00257561,0.00275479)
 [0.00255881,0.00273924)
 [0.00255026,0.0027558)
 [0.00253259,0.00279938)
 [0.00252449,0.00291599)
 [0.00251647,0.00348993)
 [0.00243798,0.00253131)
 [0.00239246,0.0026721)
 [0.00225941,0.00238726)
 [0.00225922,0.00228944)
 [0.00216075,0.00244452)
 [0.00215693,0.00244284)
 [0.00213582,0.00218976)
 [0.00211494,0.00232598)
 [0.00210872,0.00311373)
 [0.00209493,0.00210184)
 [0.0020769,0.00208393)
 [0.00203882,0.0027781)
 [0.00202345,0.00241055)
 [0.00201639,0.00202376)
 [0.00196243,0.0022212)
 [0.00186651,0.002328)
 [0.00184759,0.00206494)
 [0.00184133,0.00187495)
 [0.00183863,0.00210192)
 [0.00183534,0.00192387)
 [0.00182851,0.00198836)
 [0.00182709,0.00193396)
 [0.00179727,0.00189637)
 [0.00178976,0.00221253)
 [0.0017878,0.0017981)
 [0.00175585,0.00191422)
 [0.0017546,0.00180688)
 [0.00175038,0.001833)
 [0.00173444,0.0019276)
 [0.00171648,0.00212259)
 [0.0017044,0.00178673)
 [0.00168936,0.00170243)
 [0.00166611,0.00189569)
 [0.00166388,0.00213686)
 [0.00166218,0.00173844)
 [0.00165401,0.00196343)
 [0.00165309,0.00165953)
 [0.00164702,0.00180135)
 [0.00163571,0.00168758)
 [0.00162066,0.00207208)
 [0.00161953,0.00164824)
 [0.00161838,0.00183348)
 [0.00161625,0.00168074)
 [0.00159079,0.00190078)
 [0.00158355,0.00168178)
 [0.00157976,0.00170123)
 [0.0015705,0.00173409)
 [0.00156188,0.00158035)
 [0.00155779,0.00210663)
 [0.00155773,0.00197173)
 [0.00155031,0.00169542)
 [0.00154988,0.00155492)
 [0.0015335,0.0015352)
 [0.001509,0.00166262)
 [0.00149963,0.00157715)
 [0.00149091,0.00179532)
 [0.00148533,0.00153032)
 [0.001475,0.00157342)
 [0.00147245,0.00214073)
 [0.00146768,0.0017362)
 [0.00146424,0.00202253)
 [0.00145939,0.00165796)
 [0.00145765,0.00163921)
 [0.00145069,0.00152261)
 [0.0014476,0.0014718)
 [0.00144307,0.0014684)
 [0.00141842,0.0014999)
 [0.00141627,0.00161487)
 [0.00141475,0.0015452)
 [0.00141161,0.00150327)
 [0.00141066,0.0015394)
 [0.0014091,0.00142381)
 [0.00140355,0.0015202)
 [0.00140236,0.00143736)
 [0.00139558,0.00149828)
 [0.00138648,0.00147175)
 [0.00137953,0.0016466)
 [0.00137704,0.00142957)
 [0.00137,0.00147784)
 [0.00136647,0.00161645)
 [0.0013487,0.00193344)
 [0.00133567,0.00144077)
 [0.0013302,0.00133353)
 [0.0013259,0.00135011)
 [0.00132467,0.00141584)
 [0.00132274,0.00135537)
 [0.00131603,0.00137587)
 [0.00130923,0.00151849)
 [0.00127798,0.00144848)
 [0.00127442,0.00188887)
 [0.00127435,0.00175287)
 [0.00126827,0.0013374)
 [0.00126558,0.0012822)
 [0.00126344,0.00165818)
 [0.00126335,0.00148705)
 [0.00125118,0.00160955)
 [0.00124787,0.00131046)
 [0.00124303,0.00150331)
 [0.0012425,0.00129144)
 [0.00123667,0.00124563)
 [0.00123501,0.00124554)
 [0.0012342,0.00144321)
 [0.00122761,0.00128977)
 [0.00122638,0.00130345)
 [0.00122443,0.00141156)
 [0.00122204,0.00158843)
 [0.00121171,0.0012286)
 [0.00120328,0.00127512)
 [0.00119854,0.00120414)
 [0.00119,0.00123968)
 [0.00118696,0.00127965)
 [0.00118306,0.00122025)
 [0.00117799,0.00134136)
 [0.0011757,0.0012645)
 [0.00117066,0.00136237)
 [0.00116963,0.00120109)
 [0.00116492,0.00122466)
 [0.00115675,0.00126967)
 [0.00115456,0.0011831)
 [0.00114481,0.00126124)
 [0.00114216,0.00124429)
 [0.00112782,0.00115208)
 [0.001122,0.00143612)
 [0.00111804,0.00143756)
 [0.00111614,0.00119972)
 [0.00111527,0.00133074)
 [0.00110806,0.00113885)
 [0.00110178,0.00153668)
 [0.00110017,0.00119195)
 [0.00109441,0.00111892)
 [0.00109306,0.00135925)
 [0.00108646,0.00111512)
 [0.00108446,0.00124164)
 [0.00108399,0.00137571)
 [0.00108171,0.00113423)
 [0.00107595,0.0012734)
 [0.00107584,0.00109801)
 [0.00107491,0.00162696)
 [0.00107435,0.00114806)
 [0.00107417,0.00107855)
 [0.00107182,0.00141124)
 [0.00106757,0.00108048)
 [0.00106331,0.00109745)
 [0.00106168,0.00107231)
 [0.001057,0.00111382)
 [0.00105235,0.00128974)
 [0.00104542,0.00117222)
 [0.00104475,0.00123139)
 [0.00104141,0.00113068)
 [0.00103497,0.00113969)
 [0.00103225,0.00105893)
 [0.00103063,0.00114039)
 [0.0010224,0.00117897)
 [0.00102098,0.00126343)
 [0.00100966,0.00110671)
 [0.00100595,0.00116531)
 [0.0010027,0.00116464)
 [0.00100182,0.00108053)
 [0.000996214,0.00106499)
 [0.000995246,0.00104713)
 [0.000992183,0.00169729)
 [0.000991572,0.00116468)
 [0.000987014,0.00102956)
 [0.000976129,0.00113747)
 [0.00096715,0.00132081)
 [0.000964154,0.00104341)
 [0.00096294,0.000980399)
 [0.000961365,0.00113537)
 [0.000958117,0.00101604)
 [0.000957216,0.00113851)
 [0.000950616,0.00107087)
 [0.000942787,0.00114271)
 [0.000942741,0.00104676)
 [0.000942171,0.000957995)
 [0.000941437,0.000976681)
 [0.000935551,0.000966299)
 [0.000934127,0.000938428)
 [0.000931671,0.000984875)
 [0.000929453,0.00107903)
 [0.000917695,0.00113038)
 [0.000911996,0.00105055)
 [0.000909617,0.00102955)
 [0.000905836,0.000991495)
 [0.000905481,0.0009684)
 [0.000903658,0.000990696)
 [0.000902594,0.00103911)
 [0.000898359,0.000915225)
 [0.000895677,0.000961394)
 [0.000889949,0.000938134)
 [0.000876726,0.00127156)
 [0.000871901,0.00104345)
 [0.000864823,0.000934898)
 [0.000860716,0.000898614)
 [0.000860337,0.0011074)
 [0.000858092,0.000966771)
 [0.000857856,0.00097632)
 [0.00085662,0.000927633)
 [0.000855266,0.000868222)
 [0.000854721,0.00099145)
 [0.000854469,0.000949866)
 [0.000848114,0.000980214)
 [0.000847368,0.00100556)
 [0.000846956,0.00104522)
 [0.000845765,0.000914827)
 [0.000841893,0.000849066)
 [0.000834998,0.00102547)
 [0.000828454,0.000987695)
 [0.000824987,0.00105302)
 [0.000820758,0.000901243)
 [0.000815192,0.00108703)
 [0.000813304,0.000824615)
 [0.000813176,0.000869551)
 [0.000807521,0.000884432)
 [0.000806459,0.000918698)
 [0.000804868,0.000891928)
 [0.000801792,0.000823401)
 [0.00079475,0.000856639)
 [0.000774618,0.000925436)
 [0.00077405,0.000882628)
 [0.000772787,0.00110488)
 [0.000771524,0.000848029)
 [0.000768637,0.00102836)
 [0.000767184,0.000966303)
 [0.000759819,0.00080025)
 [0.000754552,0.000937314)
 [0.000737043,0.00110666)
 [0.000736757,0.000739432)
 [0.000731681,0.000752928)
 [0.000719881,0.000755333)
 [0.000716537,0.000736812)
 [0.000713181,0.000794296)
 [0.000709173,0.00072989)
 [0.000694151,0.00072559)
 [0.000670984,0.000768316)
 [0.00067009,0.00083615)
 [0.000645674,0.00071282)
 [0.000638549,0.000721953)
 [0.000636784,0.000717006)
 [0.000581157,0.000609022)
 [0.000561927,0.000582448)
 [0.000552535,0.000727819)
 [0.000552181,0.000620677)
 [0.000539324,0.00061253)
 [0.000538804,0.000608727)
 [0.00050181,0.00051021)
