persistence intervals in dim 1:
 [0.0143818,0.0156638)
 [0.013722,0.0149041)
 [0.0122413,0.0144611)
 [0.0107102,0.0115048)
 [0.0103565,0.010835)
 [0.00965656,0.00971658)
 [0.00954687,0.0101418)
 [0.00812705,0.00813361)
 [0.00805139,0.00918762)
 [0.00801456,0.00845534)
 [0.00791737,0.00867212)
 [0.00756166,0.00760971)
 [0.00720773,0.00894321)
 [0.00699354,0.00873409)
 [0.00695951,0.00713855)
 [0.00674328,0.00683957)
 [0.00664212,0.00727532)
 [0.00658187,0.00693352)
 [0.00657439,0.00657493)
 [0.00603535,0.00605204)
 [0.00589754,0.00591131)
 [0.00575258,0.00605867)
 [0.00571445,0.00601865)
 [0.00569887,0.00589117)
 [0.00569783,0.00574244)
 [0.00566612,0.00576836)
 [0.00542217,0.00624342)
 [0.00539651,0.00548415)
 [0.00535013,0.00553008)
 [0.00532458,0.00569734)
 [0.00532103,0.00710236)
 [0.00522537,0.00528349)
 [0.00521303,0.00625444)
 [0.00515663,0.00530784)
 [0.00510466,0.00516077)
 [0.00507073,0.00518111)
 [0.00500312,0.00508201)
 [0.00497786,0.00515614)
 [0.00483793,0.00667047)
 [0.0048189,0.00501784)
 [0.00479402,0.00500746)
 [0.00477387,0.00547142)
 [0.00458033,0.00485117)
 [0.0045178,0.00518312)
 [0.00439546,0.0050853)
 [0.00436629,0.00492042)
 [0.00431057,0.00449407)
 [0.00429758,0.00480021)
 [0.00424115,0.00474697)
 [0.00420333,0.0043807)
 [0.00418791,0.00452546)
 [0.00417958,0.00433634)
 [0.00414876,0.00572328)
 [0.0040183,0.00422516)
 [0.00401768,0.00409868)
 [0.0040128,0.00554223)
 [0.00390777,0.00516718)
 [0.00387169,0.00389038)
 [0.0038604,0.00485577)
 [0.00385942,0.00429009)
 [0.00384983,0.00463905)
 [0.00379337,0.00413852)
 [0.00378696,0.00551228)
 [0.00376947,0.0046896)
 [0.00367718,0.00408936)
 [0.00366028,0.00389236)
 [0.00364257,0.00364481)
 [0.00363727,0.00367071)
 [0.00361788,0.00457075)
 [0.00359845,0.00452607)
 [0.00355455,0.00423434)
 [0.00347636,0.00353136)
 [0.00346351,0.0056079)
 [0.00343288,0.00433425)
 [0.00340375,0.00355051)
 [0.0034011,0.00382307)
 [0.00339478,0.00380612)
 [0.00338695,0.00352484)
 [0.00338681,0.00438317)
 [0.00338141,0.00391545)
 [0.00334019,0.00346932)
 [0.00333976,0.00344996)
 [0.0033387,0.00353373)
 [0.00333497,0.00439081)
 [0.00331586,0.00386589)
 [0.00329972,0.00364021)
 [0.00327774,0.00346888)
 [0.00326502,0.00416025)
 [0.00322847,0.00414389)
 [0.00322241,0.00334291)
 [0.00320808,0.00346549)
 [0.00319294,0.00397532)
 [0.0031922,0.00417637)
 [0.00310555,0.00323064)
 [0.0030916,0.0037632)
 [0.00309126,0.00391205)
 [0.00307731,0.00384465)
 [0.003065,0.00350891)
 [0.00303719,0.00386215)
 [0.00298594,0.00299068)
 [0.00296736,0.00302427)
 [0.00296435,0.00391777)
 [0.00295579,0.00364573)
 [0.00295327,0.00361556)
 [0.00294808,0.00308403)
 [0.00294368,0.0029544)
 [0.00293285,0.00306606)
 [0.00293067,0.00294691)
 [0.00292712,0.00371303)
 [0.00290823,0.00328278)
 [0.0029002,0.00320482)
 [0.0028993,0.00315362)
 [0.00289566,0.00316899)
 [0.00286175,0.00338546)
 [0.00284537,0.00307316)
 [0.00284278,0.00346303)
 [0.00282698,0.00292362)
 [0.00282184,0.00303372)
 [0.00282006,0.00302118)
 [0.00281295,0.00361251)
 [0.00278386,0.00356072)
 [0.00276617,0.00392321)
 [0.00276609,0.0030242)
 [0.00274696,0.0030832)
 [0.00274614,0.00292463)
 [0.0027359,0.00284064)
 [0.00272459,0.00275157)
 [0.00271597,0.0027624)
 [0.00271316,0.00291506)
 [0.00263839,0.00282593)
 [0.00262564,0.00277842)
 [0.0026221,0.00269736)
 [0.00259462,0.00264995)
 [0.00253317,0.00279759)
 [0.00249682,0.00261521)
 [0.00248132,0.00274724)
 [0.0024275,0.00346792)
 [0.00242562,0.00242823)
 [0.00242273,0.00308493)
 [0.00241192,0.00262878)
 [0.00240346,0.00316002)
 [0.00239249,0.00289401)
 [0.0023871,0.00243303)
 [0.00237969,0.00258075)
 [0.0023785,0.00346983)
 [0.00237498,0.00237797)
 [0.0023739,0.00248113)
 [0.00237197,0.00242542)
 [0.00235334,0.00266152)
 [0.00234952,0.00275267)
 [0.0023371,0.00249588)
 [0.0023307,0.00333693)
 [0.00230379,0.00245661)
 [0.00230339,0.00293018)
 [0.00229927,0.00230662)
 [0.00229097,0.00292423)
 [0.00228843,0.00313642)
 [0.0022594,0.00230954)
 [0.00224093,0.0023756)
 [0.00222906,0.00243905)
 [0.00218695,0.00227308)
 [0.00218343,0.0023845)
 [0.00216012,0.00251468)
 [0.00214692,0.00272528)
 [0.00212452,0.00288737)
 [0.00212323,0.0028633)
 [0.00210779,0.00238641)
 [0.00209909,0.00254096)
 [0.00208894,0.00263967)
 [0.00207954,0.00218544)
 [0.00202171,0.00293977)
 [0.00201858,0.00220941)
 [0.00200946,0.00212067)
 [0.0020085,0.00213383)
 [0.00199841,0.00291877)
 [0.00198259,0.00359001)
 [0.00196894,0.00220445)
 [0.00196148,0.00289624)
 [0.00191834,0.00198446)
 [0.00189884,0.00222367)
 [0.00189643,0.00205808)
 [0.00186215,0.00235435)
 [0.0018602,0.00186924)
 [0.00184441,0.00259172)
 [0.00180221,0.00239566)
 [0.00179124,0.00183558)
 [0.00176719,0.00194021)
 [0.00175874,0.00192287)
 [0.00175729,0.00205967)
 [0.00175054,0.00176933)
 [0.00173431,0.00182718)
 [0.00172821,0.00183513)
 [0.00169149,0.00185772)
 [0.00160911,0.00184581)
 [0.00159442,0.00180622)
 [0.0015505,0.00180612)
 [0.00145565,0.00188073)
 [0.00140241,0.00155631)
 [0.00139563,0.0014596)
 [0.00138984,0.00154695)
 [0.00137536,0.00165562)
 [0.00132317,0.00156756)
 [0.00128022,0.00154505)
 [0.00125784,0.00151315)
 [0.00122946,0.00127636)
 [0.00122022,0.00136652)
 [0.00117295,0.00147775)
 [0.00113209,0.0012525)
 [0.00111641,0.00115276)
