persistence intervals in dim 1:
 [0.0375905,0.0400396)
 [0.030692,0.0331463)
 [0.0268942,0.0279689)
 [0.0235811,0.0250861)
 [0.0232764,0.0251689)
 [0.0229518,0.0250861)
 [0.0180738,0.0189354)
 [0.0177931,0.0189461)
 [0.0172296,0.020616)
 [0.0165451,0.0191723)
 [0.014956,0.0155686)
 [0.0145706,0.0156921)
 [0.0137189,0.0140704)
 [0.0132088,0.0133029)
 [0.0132066,0.013308)
 [0.0130704,0.0137354)
 [0.0127633,0.0133741)
 [0.0117463,0.0125573)
 [0.0113256,0.0114023)
 [0.0107605,0.0109778)
 [0.0106325,0.0118842)
 [0.010142,0.0102358)
 [0.0096748,0.0101628)
 [0.0096414,0.0115759)
 [0.00963867,0.00993467)
 [0.0095645,0.0103746)
 [0.00905439,0.0109618)
 [0.00825311,0.00937148)
 [0.00820971,0.00959828)
 [0.00809548,0.0081979)
 [0.00785471,0.00793747)
 [0.00767258,0.00792891)
 [0.00762472,0.00923402)
 [0.00742073,0.00997988)
 [0.00741013,0.00792568)
 [0.00738835,0.0087414)
 [0.00735387,0.00818124)
 [0.00715956,0.00720919)
 [0.00707801,0.00762689)
 [0.00705926,0.00780074)
 [0.00701414,0.00707467)
 [0.00675317,0.00719814)
 [0.00665806,0.00681172)
 [0.00660648,0.00715894)
 [0.00651798,0.00745397)
 [0.00647921,0.0070868)
 [0.00630388,0.00734047)
 [0.0062921,0.00658554)
 [0.00615089,0.00698436)
 [0.0060607,0.00759737)
 [0.0060051,0.00625363)
 [0.00598879,0.00604921)
 [0.00593836,0.00680029)
 [0.00591458,0.00678046)
 [0.00583153,0.00736433)
 [0.00582977,0.00605512)
 [0.00582315,0.00607639)
 [0.0057438,0.00641525)
 [0.00564705,0.00657332)
 [0.00546599,0.00569458)
 [0.00546498,0.00662523)
 [0.00544558,0.0057168)
 [0.00542654,0.0065218)
 [0.00530078,0.00606934)
 [0.00526935,0.00558875)
 [0.00521406,0.00618911)
 [0.00498102,0.00638791)
 [0.00497904,0.00560697)
 [0.00496904,0.00570678)
 [0.00485233,0.00524182)
 [0.00481647,0.00551497)
 [0.00480948,0.0057557)
 [0.00474763,0.00494465)
 [0.00452944,0.00587182)
 [0.00441938,0.00496958)
 [0.00439254,0.00497167)
 [0.00438974,0.00492423)
 [0.00429768,0.00438429)
 [0.00406916,0.00474306)
 [0.00404003,0.00410268)
 [0.00398848,0.00407009)
 [0.00393647,0.00412871)
 [0.00391031,0.00415987)
 [0.0038452,0.00415004)
 [0.00383707,0.00406164)
 [0.00375977,0.00465247)
 [0.00371922,0.00400835)
 [0.00370072,0.00501923)
 [0.00361398,0.00417823)
 [0.00350275,0.00361832)
 [0.00342968,0.00361444)
 [0.00342916,0.00377636)
 [0.00321413,0.00324998)
 [0.00315109,0.00374586)
 [0.00313877,0.00320967)
 [0.00306526,0.00392263)
 [0.00299491,0.00322486)
 [0.00294852,0.00302082)
 [0.0028972,0.00304027)
 [0.00283868,0.00310619)
 [0.00282114,0.00368642)
 [0.00277539,0.00277574)
 [0.00274034,0.00282339)
 [0.002723,0.00306433)
 [0.00272185,0.00305947)
 [0.00268363,0.00280193)
 [0.00262729,0.00270025)
 [0.0025672,0.00299938)
 [0.00251997,0.00260039)
 [0.00245036,0.00280193)
 [0.00230187,0.00239323)
 [0.00226506,0.00234297)
 [0.00218374,0.00238937)
 [0.00214508,0.00235261)
 [0.00202417,0.00226396)
 [0.00202376,0.00262495)
 [0.00193153,0.00194043)
