persistence intervals in dim 1:
 [0.0116942,0.0116949)
 [0.0116691,0.0119063)
 [0.0115048,0.0115796)
 [0.0096165,0.0109494)
 [0.00935838,0.00951589)
 [0.00850127,0.0102248)
 [0.00788192,0.00834898)
 [0.00768594,0.00786235)
 [0.00723478,0.00732704)
 [0.00720378,0.00748893)
 [0.00710487,0.00769546)
 [0.00686311,0.00850049)
 [0.00682763,0.00703386)
 [0.00677773,0.00702114)
 [0.00653887,0.00710711)
 [0.00652135,0.00710384)
 [0.00644428,0.00793983)
 [0.006419,0.00700798)
 [0.00627293,0.00665213)
 [0.00616516,0.00628228)
 [0.00597598,0.00702011)
 [0.00584911,0.00720306)
 [0.00582845,0.00592507)
 [0.00579618,0.00664221)
 [0.00576398,0.00632675)
 [0.00574972,0.00688571)
 [0.00571066,0.00710384)
 [0.00561015,0.00662517)
 [0.00556872,0.00759728)
 [0.00553759,0.00730298)
 [0.0055308,0.00566127)
 [0.00543777,0.00676839)
 [0.00530624,0.00559009)
 [0.00528445,0.00534678)
 [0.00523104,0.00566884)
 [0.005225,0.00544974)
 [0.00518437,0.00525168)
 [0.00515158,0.00808215)
 [0.0050032,0.00586009)
 [0.00484822,0.00501746)
 [0.00477176,0.00548589)
 [0.00470733,0.0060786)
 [0.00459419,0.00470323)
 [0.00457831,0.00558818)
 [0.004574,0.00495322)
 [0.00448283,0.00659188)
 [0.00442062,0.00465233)
 [0.00437663,0.0051795)
 [0.00435117,0.00615894)
 [0.00433745,0.00604266)
 [0.0043366,0.00476679)
 [0.00431393,0.00488208)
 [0.00429552,0.00449015)
 [0.00423013,0.00443503)
 [0.00422711,0.00486456)
 [0.00422202,0.00426041)
 [0.00404828,0.0044461)
 [0.00403565,0.00462439)
 [0.00401994,0.00429978)
 [0.00401658,0.00491592)
 [0.00401034,0.00412531)
 [0.00398029,0.0040074)
 [0.00394299,0.00427326)
 [0.00391177,0.00406685)
 [0.00390043,0.00426881)
 [0.00389976,0.00403968)
 [0.00389366,0.00449351)
 [0.00389016,0.00407888)
 [0.00387891,0.00485313)
 [0.00386529,0.00390586)
 [0.00383724,0.0041348)
 [0.00383424,0.00427326)
 [0.00381835,0.00384102)
 [0.00380269,0.00383406)
 [0.00377058,0.00534848)
 [0.00370311,0.00386169)
 [0.00369041,0.00489867)
 [0.00368554,0.00379873)
 [0.00368497,0.00380518)
 [0.00365521,0.00381371)
 [0.00365407,0.00366409)
 [0.00356229,0.00431664)
 [0.0035537,0.0045456)
 [0.00353253,0.00393943)
 [0.00349634,0.00422736)
 [0.00349261,0.00412742)
 [0.00348373,0.00369483)
 [0.00346096,0.00429607)
 [0.00344763,0.00417234)
 [0.00343677,0.00400869)
 [0.00343295,0.00369655)
 [0.00342576,0.00345952)
 [0.00342271,0.003953)
 [0.00340116,0.00475575)
 [0.00340063,0.00360959)
 [0.00339472,0.00339472)
 [0.00338549,0.00417143)
 [0.00337642,0.00347054)
 [0.00337636,0.00383186)
 [0.00337026,0.00364475)
 [0.00336929,0.00379923)
 [0.00336812,0.00340315)
 [0.00336189,0.00381864)
 [0.00334886,0.00410294)
 [0.00331718,0.0037553)
 [0.00330074,0.00379641)
 [0.00328744,0.00351572)
 [0.00328327,0.00350581)
 [0.00327455,0.00371905)
 [0.00327167,0.00339892)
 [0.00325272,0.00377768)
 [0.00325267,0.00326093)
 [0.00323057,0.00359853)
 [0.00322228,0.00354582)
 [0.00320438,0.00331525)
 [0.0031964,0.00343878)
 [0.00318527,0.0039937)
 [0.00318204,0.00349816)
 [0.00317257,0.00361312)
 [0.00315497,0.0038235)
 [0.00314982,0.00317167)
 [0.00314023,0.00365409)
 [0.00313781,0.00360091)
 [0.0030969,0.00348511)
 [0.00309079,0.00393352)
 [0.00306681,0.00351222)
 [0.00304169,0.00306375)
 [0.00303798,0.00319432)
 [0.00302228,0.00336023)
 [0.00302031,0.00318528)
 [0.00300865,0.00380122)
 [0.00300627,0.00305066)
 [0.00298842,0.0030199)
 [0.00298201,0.00331088)
 [0.00297945,0.00392898)
 [0.00297661,0.00390432)
 [0.00294724,0.00392195)
 [0.00294722,0.00324894)
 [0.00294374,0.00305989)
 [0.00294125,0.0034993)
 [0.00292101,0.0030254)
 [0.00290876,0.00308032)
 [0.0029026,0.00334103)
 [0.00290202,0.00300394)
 [0.00289711,0.00317013)
 [0.00289001,0.00315457)
 [0.00288603,0.00366696)
 [0.00287759,0.00305478)
 [0.00285753,0.00368303)
 [0.0028514,0.00307562)
 [0.00284843,0.00334145)
 [0.00283484,0.00292591)
 [0.00283016,0.00432775)
 [0.00281397,0.00374148)
 [0.00280829,0.00371863)
 [0.00280396,0.003171)
 [0.00279391,0.00312385)
 [0.0027918,0.0029364)
 [0.00279088,0.00284062)
 [0.00278069,0.00342595)
 [0.00277161,0.00279668)
 [0.00276795,0.00282227)
 [0.0027653,0.00345337)
 [0.00276453,0.0032446)
 [0.00274986,0.00287236)
 [0.00273881,0.00285236)
 [0.00272179,0.00282057)
 [0.00271411,0.00301677)
 [0.00271348,0.00328387)
 [0.00270066,0.00306026)
 [0.0027005,0.00300773)
 [0.00268461,0.00298122)
 [0.00268242,0.00273554)
 [0.00267728,0.00338965)
 [0.00267664,0.00308806)
 [0.00266193,0.00292025)
 [0.00265555,0.00277161)
 [0.00262559,0.00284374)
 [0.00260888,0.0030049)
 [0.00258768,0.00289081)
 [0.0025761,0.00302995)
 [0.00256783,0.00269793)
 [0.00256376,0.00288868)
 [0.00255894,0.00296063)
 [0.00255874,0.00267553)
 [0.00255055,0.00399271)
 [0.00254711,0.00317422)
 [0.00254663,0.00387327)
 [0.00254363,0.00324118)
 [0.00253214,0.00257954)
 [0.00253045,0.00284261)
 [0.00250337,0.00262605)
 [0.00249543,0.00261256)
 [0.00246357,0.00320801)
 [0.00246299,0.00274866)
 [0.00243463,0.00309587)
 [0.00242226,0.00250817)
 [0.00241154,0.00261844)
 [0.00240721,0.00253279)
 [0.00239497,0.00416553)
 [0.00238942,0.00365325)
 [0.00237976,0.00354432)
 [0.00236075,0.00254886)
 [0.00233859,0.00266575)
 [0.00233685,0.00252695)
 [0.00233203,0.00237191)
 [0.00232827,0.00271946)
 [0.00232744,0.00234944)
 [0.00230408,0.00237871)
 [0.00229716,0.00252245)
 [0.00229215,0.00266304)
 [0.00228884,0.00265813)
 [0.00228544,0.00235615)
 [0.00227494,0.00254915)
 [0.00226226,0.00247735)
 [0.00223783,0.00228489)
 [0.00222909,0.00240076)
 [0.00221542,0.00225038)
 [0.00221348,0.00282387)
 [0.00218806,0.00255246)
 [0.00218683,0.00280997)
 [0.00218589,0.00293581)
 [0.00217867,0.00236506)
 [0.00216514,0.00229829)
 [0.00216071,0.00268799)
 [0.00213842,0.00225509)
 [0.00211999,0.00225304)
 [0.00211443,0.00223197)
 [0.00211197,0.00239278)
 [0.00211073,0.00256774)
 [0.00209775,0.00298473)
 [0.00206341,0.00210587)
 [0.00203912,0.00211747)
 [0.00203865,0.00224954)
 [0.00202232,0.00238168)
 [0.00202038,0.00220206)
 [0.00199577,0.0021968)
 [0.00198707,0.0023136)
 [0.00196115,0.00210587)
 [0.00194377,0.00238155)
 [0.00192152,0.00216617)
 [0.00191993,0.00194551)
 [0.0019196,0.00198567)
 [0.00191634,0.00235758)
 [0.00190466,0.00301105)
 [0.00190015,0.00221684)
 [0.00185864,0.00210605)
 [0.00185255,0.00185905)
 [0.00185248,0.00194666)
 [0.00184589,0.00206417)
 [0.00184571,0.00186594)
 [0.00182457,0.00227762)
 [0.00180889,0.0021392)
 [0.00178297,0.00208893)
 [0.00167954,0.00172877)
 [0.00166463,0.00192787)
 [0.00158462,0.00161152)
 [0.00156378,0.00162458)
 [0.00156245,0.00160597)
 [0.00155694,0.00160414)
 [0.001508,0.00178317)
 [0.00147893,0.00164673)
 [0.00136251,0.00158994)
 [0.00134874,0.00157809)
 [0.00124116,0.00164952)
 [0.00117738,0.00121678)
 [0.00115696,0.00121074)
 [0.00108132,0.00108485)
