persistence intervals in dim 1:
 [0.014852,0.0151267)
 [0.0144862,0.0160187)
 [0.0124511,0.0127861)
 [0.012408,0.0131542)
 [0.0122438,0.0155247)
 [0.0102123,0.01094)
 [0.00866796,0.00897689)
 [0.00839084,0.00906154)
 [0.00795485,0.00952155)
 [0.00790147,0.00794836)
 [0.0078056,0.00839885)
 [0.0077108,0.00780763)
 [0.00765542,0.00803902)
 [0.00753912,0.00847562)
 [0.00717824,0.00733024)
 [0.00710197,0.00918582)
 [0.00709098,0.00729235)
 [0.00682632,0.00822423)
 [0.00666179,0.00690252)
 [0.0065709,0.00705962)
 [0.00612835,0.00653247)
 [0.00589914,0.00659328)
 [0.00585807,0.0066162)
 [0.0056947,0.00604166)
 [0.00549586,0.00555723)
 [0.00537078,0.00588802)
 [0.00533262,0.00581935)
 [0.00532608,0.00544924)
 [0.00531978,0.00644223)
 [0.00529371,0.00582488)
 [0.00509122,0.00617699)
 [0.00484496,0.00484581)
 [0.0047638,0.00598125)
 [0.0046948,0.00725268)
 [0.00465329,0.00488025)
 [0.00458211,0.00520773)
 [0.00448528,0.0054982)
 [0.00436136,0.00449813)
 [0.00427749,0.00479393)
 [0.00422661,0.00443896)
 [0.00415424,0.00510521)
 [0.00414418,0.00426149)
 [0.00414036,0.00481217)
 [0.00402595,0.00408596)
 [0.0040204,0.00439688)
 [0.00399764,0.00455993)
 [0.00391707,0.00407596)
 [0.00384913,0.00445072)
 [0.00376995,0.00418545)
 [0.00370856,0.00440772)
 [0.00364165,0.00423161)
 [0.00363782,0.00386972)
 [0.00358479,0.00381488)
 [0.00357803,0.00452834)
 [0.00357473,0.00395331)
 [0.00357228,0.00379852)
 [0.00356365,0.003574)
 [0.00353138,0.00355772)
 [0.00351633,0.00400102)
 [0.00349723,0.00520328)
 [0.0034885,0.00369194)
 [0.00330402,0.00391387)
 [0.00328706,0.00406425)
 [0.00328036,0.00332441)
 [0.00325747,0.00330102)
 [0.00324176,0.00430431)
 [0.00324037,0.00385459)
 [0.00321155,0.00415992)
 [0.00318975,0.00333668)
 [0.00315672,0.00350983)
 [0.00315607,0.00320894)
 [0.00310007,0.00335231)
 [0.00308838,0.00358468)
 [0.00305081,0.00313807)
 [0.00301847,0.00364408)
 [0.00299711,0.00301119)
 [0.00299564,0.00318635)
 [0.00295102,0.00352727)
 [0.00293749,0.00358742)
 [0.00293413,0.0032687)
 [0.00287732,0.00310037)
 [0.00285697,0.00315136)
 [0.00284133,0.00321813)
 [0.00277541,0.0029897)
 [0.0026454,0.00302212)
 [0.00263499,0.00273072)
 [0.00261878,0.0026409)
 [0.00261834,0.00274019)
 [0.00261729,0.00328674)
 [0.00261485,0.0033166)
 [0.00259574,0.0026113)
 [0.00259498,0.00287137)
 [0.00255025,0.0026863)
 [0.00253333,0.00260025)
 [0.00252494,0.00300161)
 [0.00249313,0.00258447)
 [0.00241773,0.00247426)
 [0.00241203,0.00292652)
 [0.00237807,0.00256992)
 [0.00231738,0.00270528)
 [0.00226786,0.00237775)
 [0.00226167,0.00232121)
 [0.0022261,0.00223718)
 [0.00222523,0.00238388)
 [0.00220842,0.00243345)
 [0.00220799,0.00223285)
 [0.00218522,0.00235286)
 [0.00215291,0.00280381)
 [0.00204342,0.00266386)
 [0.00204235,0.00242185)
 [0.00202179,0.00205344)
 [0.00193263,0.00234623)
 [0.00190519,0.00198306)
 [0.00190452,0.00195528)
 [0.00185556,0.00191212)
 [0.0017699,0.0022606)
 [0.00169851,0.00189778)
 [0.00165035,0.00171861)
 [0.00160924,0.00174428)
 [0.00157745,0.00158976)
 [0.0013255,0.00145801)
 [0.00129226,0.00153889)
 [0.00124591,0.0013095)
 [0.00122722,0.00148937)
 [0.00112365,0.00119274)
 [0.00106352,0.001117)
 [0.00090711,0.000939839)
