persistence intervals in dim 1:
 [0.0339651,0.034724)
 [0.0237515,0.024863)
 [0.0167526,0.0187487)
 [0.0167062,0.0195192)
 [0.015087,0.017426)
 [0.0148907,0.0157983)
 [0.0134295,0.0147045)
 [0.0131045,0.0140462)
 [0.0128751,0.0144342)
 [0.0126379,0.0133898)
 [0.0110224,0.0111153)
 [0.0099896,0.010309)
 [0.00998191,0.0105483)
 [0.0094555,0.0108518)
 [0.00928695,0.00962342)
 [0.00916936,0.00959733)
 [0.00910229,0.00943536)
 [0.00908314,0.0101505)
 [0.00906173,0.0106357)
 [0.00880167,0.00968353)
 [0.00872901,0.00924864)
 [0.00812527,0.0082539)
 [0.00809602,0.00931914)
 [0.0080923,0.00825524)
 [0.00800405,0.00821095)
 [0.007934,0.00826446)
 [0.00774125,0.00810718)
 [0.0077383,0.00804748)
 [0.00755937,0.00758379)
 [0.00755406,0.00781352)
 [0.00741625,0.0082411)
 [0.0074162,0.00822603)
 [0.0072628,0.00736017)
 [0.00725695,0.00726173)
 [0.00719967,0.00794709)
 [0.0071417,0.00923182)
 [0.00707588,0.00792906)
 [0.00705762,0.00744417)
 [0.00705186,0.00749591)
 [0.00682248,0.00688447)
 [0.0068045,0.00725091)
 [0.00680183,0.00706426)
 [0.00677502,0.00736117)
 [0.00651444,0.00703631)
 [0.00649707,0.00707327)
 [0.00647766,0.00947266)
 [0.00643418,0.00724865)
 [0.00642565,0.0067007)
 [0.0064127,0.00841927)
 [0.00641262,0.00689487)
 [0.00639374,0.00672336)
 [0.00629844,0.00642692)
 [0.00629706,0.00707615)
 [0.00617584,0.00651317)
 [0.00598058,0.00621758)
 [0.00591913,0.00604402)
 [0.00587071,0.0062128)
 [0.00581107,0.00697838)
 [0.0057124,0.00600939)
 [0.00568492,0.00599973)
 [0.00566062,0.00686263)
 [0.00561956,0.00562051)
 [0.00558034,0.00580168)
 [0.00550823,0.00557066)
 [0.00550198,0.00634478)
 [0.00549908,0.00611231)
 [0.00544922,0.00636492)
 [0.00544003,0.00564199)
 [0.00537773,0.00541601)
 [0.00529749,0.0066216)
 [0.00527789,0.00528178)
 [0.00524374,0.00663806)
 [0.00522755,0.00696927)
 [0.00522028,0.00653447)
 [0.00519612,0.00583889)
 [0.0051608,0.00521421)
 [0.0051331,0.00631752)
 [0.00512003,0.00522403)
 [0.00511739,0.00532972)
 [0.00509804,0.00687059)
 [0.0050882,0.00529506)
 [0.00507776,0.00551361)
 [0.00500626,0.00533521)
 [0.00500273,0.00576196)
 [0.00497504,0.00504731)
 [0.00497152,0.00525162)
 [0.00495385,0.00559741)
 [0.00494002,0.00531964)
 [0.00489499,0.00611739)
 [0.00488444,0.00530409)
 [0.0048227,0.00512478)
 [0.00474072,0.00474304)
 [0.00469937,0.00513335)
 [0.00466913,0.00493851)
 [0.00465062,0.00505859)
 [0.00464065,0.00482899)
 [0.00460993,0.00473667)
 [0.00458691,0.00544102)
 [0.00457169,0.00497257)
 [0.004548,0.00523231)
 [0.00453666,0.0047165)
 [0.00452352,0.00488492)
 [0.00451893,0.00568649)
 [0.00445827,0.00548115)
 [0.00445104,0.00566981)
 [0.00443315,0.00590938)
 [0.00443016,0.00492279)
 [0.00439563,0.00629998)
 [0.00439219,0.00502577)
 [0.00433461,0.00457886)
 [0.00433202,0.00500167)
 [0.00431582,0.00469705)
 [0.00431247,0.00468536)
 [0.00428187,0.00492105)
 [0.00425701,0.00452954)
 [0.00425066,0.00551497)
 [0.00424209,0.00543579)
 [0.00424086,0.00546521)
 [0.00420028,0.00447418)
 [0.00418868,0.00436336)
 [0.00417408,0.00421365)
 [0.00411982,0.00427435)
 [0.00399631,0.00450443)
 [0.00396573,0.00419587)
 [0.00396058,0.0043208)
 [0.00395514,0.00400789)
 [0.00395157,0.00426993)
 [0.0039432,0.0046472)
 [0.00393773,0.00592691)
 [0.00391899,0.00441724)
 [0.00390511,0.00459802)
 [0.00390313,0.0042547)
 [0.00385997,0.00437379)
 [0.00384578,0.00387229)
 [0.00377056,0.0038057)
 [0.00376768,0.00424987)
 [0.00375589,0.0038821)
 [0.00375041,0.00423185)
 [0.00372954,0.00415839)
 [0.00372578,0.00373921)
 [0.00363283,0.00479721)
 [0.003629,0.00388301)
 [0.00360322,0.00401639)
 [0.0035082,0.00361177)
 [0.00349455,0.00444781)
 [0.00343455,0.00415843)
 [0.00343035,0.00372391)
 [0.00342587,0.00423611)
 [0.00340507,0.00340901)
 [0.00339974,0.00433606)
 [0.00339962,0.0036377)
 [0.00338872,0.00376691)
 [0.00337176,0.00349362)
 [0.00336874,0.00428934)
 [0.00336792,0.00367352)
 [0.00335927,0.00354172)
 [0.00333853,0.00358369)
 [0.00332088,0.00350741)
 [0.00329667,0.00377654)
 [0.00329143,0.00416147)
 [0.00326212,0.00383348)
 [0.00322693,0.00336353)
 [0.003223,0.00345003)
 [0.0032158,0.00336865)
 [0.00321378,0.00321984)
 [0.00321305,0.00362384)
 [0.00318673,0.00380201)
 [0.00318325,0.00367073)
 [0.00315014,0.00349354)
 [0.00313718,0.0037979)
 [0.00312078,0.00355255)
 [0.00307979,0.00346411)
 [0.00306543,0.00333604)
 [0.00300999,0.00311275)
 [0.00300388,0.00350652)
 [0.00296861,0.00374366)
 [0.00293303,0.00315238)
 [0.00289137,0.00434446)
 [0.00287522,0.00289957)
 [0.00285502,0.00289422)
 [0.00284847,0.00299001)
 [0.00281542,0.00301436)
 [0.00277052,0.00300993)
 [0.00276657,0.00285006)
 [0.00275569,0.00366143)
 [0.00273238,0.00274289)
 [0.00272498,0.00296854)
 [0.00271801,0.00273475)
 [0.00269107,0.00277913)
 [0.00266387,0.00302727)
 [0.00263731,0.00274112)
 [0.002636,0.00277256)
 [0.00262894,0.00324501)
 [0.00252729,0.00255181)
 [0.00250524,0.00422816)
 [0.00249812,0.00342441)
 [0.0024951,0.00300648)
 [0.00247917,0.00260284)
 [0.00245315,0.00272331)
 [0.00243709,0.00249797)
 [0.00243029,0.0024903)
 [0.00238541,0.0025092)
 [0.00237666,0.00326424)
 [0.00232123,0.00243081)
 [0.0023156,0.00282345)
 [0.00226881,0.00231878)
 [0.00225865,0.00260029)
 [0.00223749,0.00233156)
 [0.00218859,0.00234099)
 [0.00215599,0.00225771)
 [0.00213916,0.00221881)
 [0.00204845,0.00244788)
 [0.00194063,0.00197924)
 [0.00193253,0.00201565)
 [0.00188822,0.00207181)
 [0.00179618,0.00231484)
 [0.00172918,0.00236938)
 [0.001627,0.00196817)
 [0.00159707,0.00165998)
 [0.00140981,0.0015959)
 [0.00127476,0.00134867)
 [0.0011264,0.00137184)
