persistence intervals in dim 1:
 [0.00810166,0.010615)
 [0.00650984,0.00652931)
 [0.00631828,0.0065288)
 [0.00604115,0.00701372)
 [0.00445988,0.00516689)
 [0.00439704,0.00522576)
 [0.00417399,0.00542579)
 [0.00417335,0.00539143)
 [0.00366388,0.00380255)
 [0.0036628,0.00366858)
 [0.0035392,0.00368146)
 [0.00345392,0.00350104)
 [0.00344479,0.00349616)
 [0.00340522,0.00362779)
 [0.00340103,0.00344615)
 [0.00313027,0.00332199)
 [0.00311602,0.00379898)
 [0.00304949,0.0031782)
 [0.00295954,0.00297148)
 [0.00295789,0.00416571)
 [0.00292602,0.00297669)
 [0.0029004,0.00377539)
 [0.00282345,0.00352557)
 [0.00281329,0.00291387)
 [0.00277902,0.00286078)
 [0.00273701,0.00387662)
 [0.00270263,0.00306223)
 [0.0026419,0.00288552)
 [0.00261263,0.00280637)
 [0.00260135,0.00284323)
 [0.00253844,0.00278954)
 [0.0025154,0.00283417)
 [0.00243885,0.00257594)
 [0.00236107,0.00257424)
 [0.00235131,0.00248881)
 [0.00231908,0.00279303)
 [0.00227648,0.00263733)
 [0.00220362,0.00231944)
 [0.00218592,0.00297778)
 [0.00215537,0.00233766)
 [0.00214934,0.00247244)
 [0.00211149,0.00251516)
 [0.00210303,0.00216198)
 [0.00210208,0.0022722)
 [0.00206812,0.00277865)
 [0.00204398,0.00206245)
 [0.00203874,0.00220376)
 [0.00203076,0.00282546)
 [0.00198606,0.00208118)
 [0.00192721,0.00212429)
 [0.00190577,0.00192113)
 [0.00190364,0.00242084)
 [0.00188866,0.00189217)
 [0.00185013,0.00198752)
 [0.00184152,0.00188805)
 [0.00182291,0.00195695)
 [0.0018199,0.00215963)
 [0.00181172,0.0018429)
 [0.00178708,0.00181932)
 [0.00177007,0.00215278)
 [0.00176857,0.00215671)
 [0.00175987,0.00203517)
 [0.00174727,0.00198243)
 [0.00174403,0.00182461)
 [0.00172065,0.0023463)
 [0.00171327,0.00181316)
 [0.00170474,0.00188491)
 [0.001691,0.00189965)
 [0.00168822,0.00176476)
 [0.00168155,0.00168754)
 [0.00166693,0.00179888)
 [0.00166494,0.00200917)
 [0.00160548,0.00228073)
 [0.00159236,0.00171481)
 [0.00158409,0.00184028)
 [0.00158082,0.00164777)
 [0.00157933,0.00173405)
 [0.00157351,0.00187415)
 [0.00153671,0.00166186)
 [0.00153611,0.00190989)
 [0.00152076,0.0015772)
 [0.00150627,0.00170462)
 [0.00150273,0.00163382)
 [0.00149491,0.00173381)
 [0.00147811,0.00174794)
 [0.0014506,0.00167343)
 [0.00144259,0.00150214)
 [0.00143495,0.00179061)
 [0.00140932,0.00141072)
 [0.00140884,0.00150386)
 [0.00140066,0.00144814)
 [0.00137085,0.00155776)
 [0.00136683,0.00178665)
 [0.00135606,0.00148647)
 [0.00135231,0.00150348)
 [0.00134711,0.00138006)
 [0.00132428,0.00140604)
 [0.00132087,0.00141038)
 [0.00129077,0.00145365)
 [0.00128987,0.00134789)
 [0.00127734,0.00153466)
 [0.00127419,0.0013373)
 [0.00126939,0.00157595)
 [0.00125226,0.00133851)
 [0.00122319,0.001371)
 [0.00121297,0.00138429)
 [0.00121105,0.00126584)
 [0.00120946,0.0012562)
 [0.00119988,0.00121245)
 [0.00119157,0.00122743)
 [0.00118397,0.00146803)
 [0.00118059,0.00135697)
 [0.00117568,0.00141397)
 [0.00117499,0.00128355)
 [0.00116855,0.00123147)
 [0.00116797,0.00121789)
 [0.00116008,0.00128073)
 [0.00113135,0.00128685)
 [0.00112873,0.00116519)
 [0.00112659,0.00119207)
 [0.00112575,0.0013352)
 [0.00112306,0.00127972)
 [0.00111814,0.00118088)
 [0.0011135,0.00118986)
 [0.00109615,0.00118535)
 [0.00109262,0.00129793)
 [0.00108666,0.00116449)
 [0.00108553,0.00145651)
 [0.00108473,0.00115244)
 [0.00107968,0.00114301)
 [0.00107859,0.00115598)
 [0.00107397,0.0016077)
 [0.00107052,0.00115467)
 [0.00106926,0.0010774)
 [0.00106767,0.00114301)
 [0.00106206,0.00115649)
 [0.00105801,0.00108218)
 [0.00105382,0.00124799)
 [0.00105304,0.00113792)
 [0.001044,0.00116872)
 [0.00103774,0.00104019)
 [0.00103601,0.00110079)
 [0.0010312,0.00106203)
 [0.00101952,0.00110005)
 [0.000995122,0.00102376)
 [0.00098053,0.0011876)
 [0.000980022,0.001037)
 [0.00097985,0.00108071)
 [0.000977778,0.00110531)
 [0.000970609,0.00123294)
 [0.000962535,0.00115611)
 [0.000960556,0.00109209)
 [0.000953147,0.00145083)
 [0.000952008,0.00112029)
 [0.000935927,0.00104275)
 [0.00091111,0.000984399)
 [0.000902909,0.00110371)
 [0.000892004,0.000946925)
 [0.000887728,0.00104477)
 [0.000884403,0.000898117)
 [0.000864839,0.000891293)
 [0.000847698,0.00101382)
 [0.000823845,0.000943605)
 [0.000797279,0.000994874)
 [0.000787798,0.000900513)
 [0.000766577,0.000808478)
 [0.000756749,0.000757599)
 [0.000738834,0.000783291)
 [0.000697846,0.000807583)
 [0.000689077,0.000833708)
 [0.000668263,0.000774458)
 [0.000641893,0.000648554)
 [0.000627741,0.000671005)
 [0.000614221,0.000633716)
 [0.000604904,0.000641622)
 [0.00059773,0.000600877)
 [0.000584247,0.000611462)
 [0.000580614,0.000584041)
 [0.000547499,0.000685339)
 [0.000333249,0.000355427)
