persistence intervals in dim 1:
 [0.024774,0.0296082)
 [0.0202303,0.0237808)
 [0.0200277,0.022685)
 [0.0196935,0.0199495)
 [0.0152851,0.0157138)
 [0.0147148,0.0193768)
 [0.0119846,0.0130673)
 [0.0119672,0.0122622)
 [0.0117686,0.0118157)
 [0.0112323,0.0114852)
 [0.0111652,0.0112947)
 [0.0103098,0.012897)
 [0.010184,0.0113913)
 [0.0100862,0.0109047)
 [0.00985053,0.011253)
 [0.00976459,0.0113625)
 [0.00901157,0.00963363)
 [0.0082943,0.0101224)
 [0.00811981,0.00831587)
 [0.00805882,0.00957712)
 [0.00777906,0.00797838)
 [0.00768131,0.00775493)
 [0.00734673,0.00755075)
 [0.00731538,0.00843571)
 [0.00712717,0.00888535)
 [0.00702923,0.00953364)
 [0.00701217,0.00812787)
 [0.00683291,0.00722428)
 [0.00682267,0.00754766)
 [0.00676813,0.00810433)
 [0.00676235,0.00677627)
 [0.0066366,0.00746733)
 [0.00660141,0.00755745)
 [0.00651617,0.0068538)
 [0.00651554,0.00722791)
 [0.00650544,0.00657825)
 [0.00609654,0.00781147)
 [0.00599463,0.00666113)
 [0.00588791,0.00614452)
 [0.00588757,0.00668303)
 [0.0058859,0.00617419)
 [0.0057945,0.00583188)
 [0.00579335,0.00641651)
 [0.00574496,0.00590172)
 [0.00564141,0.00597926)
 [0.00562536,0.0063107)
 [0.00560765,0.00564172)
 [0.00560619,0.00570005)
 [0.00555652,0.00737175)
 [0.00548508,0.00641747)
 [0.00547894,0.00606458)
 [0.00547468,0.00550114)
 [0.0053398,0.00537865)
 [0.00531003,0.00560639)
 [0.00530197,0.00759282)
 [0.00528773,0.00699759)
 [0.00527425,0.00572273)
 [0.00526546,0.0053988)
 [0.00525631,0.0056291)
 [0.00523267,0.00560493)
 [0.00519922,0.00665398)
 [0.0051951,0.00544871)
 [0.00519222,0.00601957)
 [0.00519156,0.00626312)
 [0.00517642,0.00581484)
 [0.0051665,0.00551073)
 [0.00512828,0.00608176)
 [0.00508957,0.00624549)
 [0.00500252,0.00516928)
 [0.00500225,0.00568726)
 [0.00493036,0.00686292)
 [0.00492158,0.00531324)
 [0.00489626,0.00533128)
 [0.00480733,0.00628443)
 [0.00479899,0.00582568)
 [0.00475256,0.00556668)
 [0.00473741,0.00519327)
 [0.00470222,0.00502095)
 [0.00461444,0.00549638)
 [0.00460173,0.00579729)
 [0.0045684,0.00477395)
 [0.00456027,0.00490162)
 [0.00448985,0.00526119)
 [0.00436946,0.00474057)
 [0.00429949,0.00451487)
 [0.00429505,0.00462581)
 [0.00428357,0.00623138)
 [0.00427993,0.00546924)
 [0.00419759,0.00423952)
 [0.00417403,0.00471333)
 [0.00414846,0.004574)
 [0.00410452,0.0048251)
 [0.00408996,0.00412167)
 [0.00405346,0.0043549)
 [0.00398675,0.0045896)
 [0.00398341,0.00549367)
 [0.00393968,0.0043144)
 [0.00392991,0.00442707)
 [0.00392822,0.00463842)
 [0.00384991,0.00410067)
 [0.00383629,0.00437119)
 [0.00379633,0.00422996)
 [0.0037772,0.0052783)
 [0.00377191,0.00456024)
 [0.00375478,0.00420283)
 [0.00373964,0.00383311)
 [0.00373747,0.00398611)
 [0.00371285,0.00412601)
 [0.00370552,0.0039393)
 [0.00367962,0.00385898)
 [0.00366698,0.00407159)
 [0.00366323,0.00441391)
 [0.00356647,0.00420055)
 [0.0035556,0.00392877)
 [0.00353654,0.00385758)
 [0.00353608,0.00387105)
 [0.00349933,0.0040679)
 [0.00348743,0.00363084)
 [0.00338052,0.00429625)
 [0.00334855,0.00361945)
 [0.0032944,0.00331041)
 [0.00327545,0.00418984)
 [0.0032694,0.00343395)
 [0.00321784,0.00344818)
 [0.00316389,0.00337746)
 [0.0031567,0.00371938)
 [0.00312957,0.00427774)
 [0.00308729,0.00349215)
 [0.003082,0.0044637)
 [0.0030723,0.00345183)
 [0.00306405,0.00340363)
 [0.00306033,0.00349591)
 [0.00304917,0.00424432)
 [0.00303992,0.0033844)
 [0.00302992,0.00325461)
 [0.00297646,0.00377843)
 [0.00297111,0.00364795)
 [0.00295853,0.00404173)
 [0.00292934,0.00335692)
 [0.00292716,0.00334351)
 [0.00292506,0.0029347)
 [0.00290231,0.00345941)
 [0.00285742,0.00340164)
 [0.00282927,0.00296439)
 [0.002807,0.00282377)
 [0.00278108,0.00293428)
 [0.00276863,0.0027843)
 [0.00275812,0.00282181)
 [0.00275155,0.0030332)
 [0.00271986,0.00283043)
 [0.00269871,0.00306547)
 [0.00263348,0.00293649)
 [0.00262753,0.0027343)
 [0.00262007,0.00272828)
 [0.00260393,0.00261526)
 [0.00257939,0.00307401)
 [0.00257079,0.00294759)
 [0.00254016,0.00308426)
 [0.00253027,0.00270051)
 [0.00244233,0.00309056)
 [0.00244093,0.00253825)
 [0.00238441,0.00256785)
 [0.00237628,0.00307373)
 [0.00233291,0.00309566)
 [0.00232625,0.0030318)
 [0.00230363,0.00233468)
 [0.00226843,0.00232536)
 [0.00221978,0.00253885)
 [0.00221291,0.00260947)
 [0.0022034,0.00279424)
 [0.00218329,0.00248962)
 [0.00217092,0.00219696)
 [0.0021602,0.00239958)
 [0.00214287,0.00220159)
 [0.00208544,0.002188)
 [0.00208086,0.00215086)
 [0.00208048,0.00260763)
 [0.00207554,0.00233897)
 [0.00202661,0.00203493)
 [0.00202348,0.0021175)
 [0.00200742,0.00217671)
 [0.00199812,0.00212404)
 [0.00199044,0.00200023)
 [0.00196542,0.00197662)
 [0.0019647,0.00221534)
 [0.00194898,0.00213542)
 [0.00191137,0.00197549)
 [0.00186929,0.00231959)
 [0.00183679,0.00231117)
 [0.00181252,0.00188634)
 [0.00179621,0.00205131)
 [0.00175766,0.00227443)
 [0.00174837,0.00184681)
 [0.00174722,0.00190791)
 [0.00172359,0.00182259)
 [0.00163463,0.00174048)
 [0.00158394,0.00161373)
 [0.00156348,0.00176321)
 [0.00155748,0.00168632)
 [0.00155644,0.00167067)
 [0.00154908,0.0018629)
 [0.0015414,0.0015479)
 [0.00153522,0.00184896)
 [0.00135368,0.00148429)
 [0.000954073,0.00114816)
