persistence intervals in dim 1:
 [0.0415956,0.0428145)
 [0.030669,0.0308383)
 [0.0195126,0.0196112)
 [0.0193063,0.0196067)
 [0.0192932,0.0205046)
 [0.0180461,0.0180705)
 [0.0171376,0.018846)
 [0.0156313,0.016313)
 [0.0141743,0.0154402)
 [0.0136839,0.0139741)
 [0.0129725,0.0135054)
 [0.0128705,0.0129098)
 [0.0127467,0.0131361)
 [0.0125387,0.0125567)
 [0.0122131,0.0130078)
 [0.0116543,0.0141812)
 [0.0115873,0.0129104)
 [0.0112322,0.011318)
 [0.0111193,0.0113635)
 [0.0110499,0.0111326)
 [0.0110102,0.0112233)
 [0.0105083,0.0112248)
 [0.0104623,0.0129573)
 [0.0104383,0.0110333)
 [0.00972808,0.011001)
 [0.00968964,0.00997311)
 [0.00966819,0.0132466)
 [0.00964615,0.0117946)
 [0.00963395,0.0120731)
 [0.00953077,0.00995759)
 [0.00952907,0.0111918)
 [0.0093606,0.0099372)
 [0.00926124,0.00986576)
 [0.00924359,0.00978847)
 [0.00890938,0.0102083)
 [0.00882785,0.0103339)
 [0.00877103,0.0094656)
 [0.0084815,0.00883785)
 [0.00833273,0.0117029)
 [0.00828342,0.009145)
 [0.00821399,0.00844302)
 [0.00812855,0.00897347)
 [0.00805031,0.00810836)
 [0.00803554,0.00873042)
 [0.00785294,0.00935065)
 [0.00783825,0.00906256)
 [0.0077077,0.0085042)
 [0.00766434,0.0100154)
 [0.00752463,0.00803819)
 [0.00752265,0.00803555)
 [0.00737409,0.00874586)
 [0.0072708,0.00742465)
 [0.00725788,0.00743682)
 [0.00720923,0.00726979)
 [0.00708965,0.00785303)
 [0.00704207,0.00704897)
 [0.00681467,0.00687506)
 [0.00676082,0.00700867)
 [0.0067447,0.00675865)
 [0.00664515,0.00675407)
 [0.00661953,0.00784736)
 [0.00655633,0.00728559)
 [0.00655339,0.00742484)
 [0.00651096,0.00666314)
 [0.00648446,0.00658833)
 [0.00648292,0.006518)
 [0.00646101,0.00693373)
 [0.00642902,0.00875831)
 [0.00619485,0.0071089)
 [0.00615911,0.00688642)
 [0.00610325,0.00617391)
 [0.00609581,0.00802108)
 [0.00600597,0.006758)
 [0.00592704,0.00652916)
 [0.00589493,0.00738814)
 [0.00582349,0.00717085)
 [0.00582288,0.00617792)
 [0.00577036,0.00796884)
 [0.00576955,0.00691074)
 [0.00574805,0.00671946)
 [0.00574251,0.00869027)
 [0.00572154,0.00650346)
 [0.00572151,0.00625964)
 [0.00571039,0.00690188)
 [0.00568225,0.00578355)
 [0.00563423,0.00647111)
 [0.00556672,0.00569538)
 [0.00555833,0.0060971)
 [0.00546162,0.00563783)
 [0.00540376,0.00559882)
 [0.00530535,0.00551788)
 [0.00528932,0.00642678)
 [0.00524945,0.00677449)
 [0.00524829,0.00543032)
 [0.0052435,0.00623911)
 [0.00518573,0.00553216)
 [0.00507517,0.00608284)
 [0.00502225,0.00518238)
 [0.004956,0.00577041)
 [0.00481907,0.00502972)
 [0.0048054,0.00481219)
 [0.00480527,0.00501916)
 [0.00479393,0.00506815)
 [0.00472561,0.00498674)
 [0.00469059,0.00500178)
 [0.00463155,0.00511025)
 [0.00460401,0.00644401)
 [0.00458412,0.00458434)
 [0.00453976,0.00522736)
 [0.00450544,0.00532733)
 [0.00440984,0.00466954)
 [0.00439437,0.00472081)
 [0.0043925,0.00444778)
 [0.00427194,0.00457706)
 [0.00427005,0.00529831)
 [0.00424438,0.0047619)
 [0.00417113,0.00454288)
 [0.00415182,0.00455952)
 [0.00413348,0.00459541)
 [0.00404608,0.00420175)
 [0.00403105,0.00420388)
 [0.00401602,0.00438652)
 [0.00399943,0.00434133)
 [0.00397264,0.00417625)
 [0.00396327,0.00413965)
 [0.00394175,0.00484123)
 [0.00392916,0.00395577)
 [0.00381878,0.00418307)
 [0.00379154,0.0041854)
 [0.00378998,0.00397261)
 [0.00377884,0.00404882)
 [0.00376606,0.00384046)
 [0.00376058,0.00422579)
 [0.00370842,0.00525467)
 [0.00370175,0.00391556)
 [0.00366823,0.00377537)
 [0.00365613,0.00367404)
 [0.00363847,0.00367754)
 [0.00363573,0.00459006)
 [0.0035678,0.00426822)
 [0.00355111,0.00433377)
 [0.00353443,0.00388706)
 [0.00350145,0.00351465)
 [0.00349788,0.00421718)
 [0.00338135,0.00426559)
 [0.00337582,0.00337747)
 [0.00322349,0.00334251)
 [0.00320243,0.00355906)
 [0.00318817,0.00330597)
 [0.00318446,0.00321653)
 [0.00306749,0.00319241)
 [0.00305293,0.0034711)
 [0.00304654,0.00311388)
 [0.00267686,0.00267714)
 [0.00247385,0.00285473)
 [0.00244538,0.00296261)
 [0.0023662,0.00273159)
 [0.00224416,0.00273477)
 [0.00196897,0.00198068)
 [0.00178633,0.00187566)
 [0.00123196,0.00132092)
 [0.00107619,0.0010805)
