persistence intervals in dim 1:
 [0.0181797,0.0199165)
 [0.0128809,0.0134079)
 [0.0111175,0.0160283)
 [0.0105315,0.0108136)
 [0.0103049,0.0111765)
 [0.010005,0.0115054)
 [0.0092322,0.0117285)
 [0.00825081,0.00898186)
 [0.00782748,0.00881091)
 [0.00757279,0.00786843)
 [0.00738032,0.00741015)
 [0.00733964,0.00855066)
 [0.00695735,0.00750915)
 [0.00670196,0.00833419)
 [0.00668263,0.00775244)
 [0.00648251,0.00659475)
 [0.00644344,0.00666896)
 [0.00618228,0.00647142)
 [0.0060971,0.00611969)
 [0.00593555,0.00635572)
 [0.00547601,0.00548424)
 [0.00545824,0.00718445)
 [0.00528549,0.0059828)
 [0.00523023,0.00612266)
 [0.00517651,0.0060772)
 [0.00510331,0.00548204)
 [0.00506669,0.00582697)
 [0.00496046,0.00595291)
 [0.00479937,0.00506362)
 [0.00477293,0.00484127)
 [0.00477123,0.00532842)
 [0.0047189,0.00480598)
 [0.00465463,0.00521974)
 [0.00463871,0.00471616)
 [0.00462474,0.00501722)
 [0.0044424,0.00483504)
 [0.00443026,0.00512055)
 [0.00442865,0.00485624)
 [0.00435191,0.00495288)
 [0.00431642,0.00526722)
 [0.00426301,0.00498313)
 [0.00425496,0.00487587)
 [0.00415944,0.00465145)
 [0.00414883,0.00464011)
 [0.00412125,0.00442559)
 [0.00408401,0.00457608)
 [0.00408182,0.00410997)
 [0.00396175,0.00428899)
 [0.00395836,0.00525115)
 [0.00381429,0.00446267)
 [0.00375929,0.00380414)
 [0.00375508,0.00388686)
 [0.00374987,0.00418136)
 [0.00373899,0.00381179)
 [0.0036038,0.00389348)
 [0.00360041,0.00401224)
 [0.00357971,0.00409888)
 [0.00355553,0.00393295)
 [0.00354251,0.0043248)
 [0.00354066,0.00379907)
 [0.00350505,0.00378478)
 [0.00350247,0.00367916)
 [0.00348447,0.00543296)
 [0.00347915,0.00349312)
 [0.0034369,0.00418306)
 [0.00342438,0.00462861)
 [0.00341623,0.00357285)
 [0.00338508,0.00458621)
 [0.00337129,0.00344453)
 [0.00336783,0.00352583)
 [0.00335925,0.00383617)
 [0.0033544,0.00338942)
 [0.0033253,0.00385516)
 [0.00329923,0.00333164)
 [0.00328463,0.00330306)
 [0.00325658,0.00334029)
 [0.00322009,0.00346537)
 [0.00317335,0.0032334)
 [0.00305605,0.00396329)
 [0.00304035,0.00318515)
 [0.00300376,0.00302983)
 [0.00297393,0.00308671)
 [0.00294711,0.00314065)
 [0.00294443,0.00347134)
 [0.00294014,0.00305457)
 [0.00290406,0.00336982)
 [0.00285997,0.00290992)
 [0.00285942,0.00296586)
 [0.00283341,0.00295279)
 [0.00282547,0.003589)
 [0.00280441,0.00286392)
 [0.00273983,0.00283956)
 [0.00273416,0.00309397)
 [0.00269911,0.00273651)
 [0.00269656,0.00362004)
 [0.00267149,0.00355867)
 [0.00264866,0.00372202)
 [0.0026329,0.00293008)
 [0.002614,0.00276823)
 [0.00260874,0.0033077)
 [0.00260746,0.00336237)
 [0.00259389,0.00349601)
 [0.00258604,0.0027557)
 [0.00253508,0.00284723)
 [0.00252049,0.00275397)
 [0.00249163,0.00305495)
 [0.0023974,0.00263591)
 [0.00239408,0.00314549)
 [0.00236894,0.00249284)
 [0.00236654,0.00303645)
 [0.00236341,0.00273726)
 [0.00233974,0.00245781)
 [0.00225715,0.00225782)
 [0.00220485,0.00235306)
 [0.00219833,0.0025452)
 [0.00219261,0.00232027)
 [0.00218666,0.00220588)
 [0.00218119,0.00226013)
 [0.00218071,0.00221001)
 [0.00215523,0.00215848)
 [0.00210624,0.00230113)
 [0.00204959,0.00214693)
 [0.00199524,0.00211657)
 [0.00198721,0.00220449)
 [0.00197776,0.00198716)
 [0.001975,0.00199208)
 [0.00194659,0.00222687)
 [0.00194364,0.00214563)
 [0.00193578,0.00199319)
 [0.00193437,0.00219457)
 [0.00192829,0.00196389)
 [0.00192236,0.00213515)
 [0.00190811,0.0019372)
 [0.00188999,0.00192602)
 [0.00188395,0.00199355)
 [0.00188081,0.0019502)
 [0.0018653,0.0024293)
 [0.00185192,0.00202142)
 [0.00182562,0.00297004)
 [0.00180212,0.00191988)
 [0.00175306,0.00180046)
 [0.00173731,0.00207796)
 [0.00173283,0.00179693)
 [0.00172699,0.00188968)
 [0.00171515,0.00257546)
 [0.00171334,0.00176783)
 [0.00169892,0.00182548)
 [0.00168975,0.00197104)
 [0.00168568,0.00176174)
 [0.00165681,0.00244738)
 [0.00164259,0.00179274)
 [0.00163634,0.00185271)
 [0.00161719,0.0019273)
 [0.00159231,0.00192487)
 [0.001592,0.00161994)
 [0.00157456,0.00207578)
 [0.00155002,0.00171276)
 [0.0015143,0.00155845)
 [0.0014996,0.00155516)
 [0.00148338,0.00165125)
 [0.00147296,0.00165429)
 [0.00143786,0.00153001)
 [0.00141227,0.00151619)
 [0.00140936,0.00161594)
 [0.00134205,0.00136571)
 [0.00131114,0.00163344)
 [0.00124706,0.00134694)
 [0.00118445,0.00120436)
 [0.0011333,0.00132632)
 [0.00103693,0.00106105)
 [0.00101422,0.0010214)
 [0.000738792,0.000854253)
