persistence intervals in dim 1:
 [0.0152944,0.015666)
 [0.0140831,0.0143512)
 [0.0102939,0.0107257)
 [0.00931333,0.011014)
 [0.00899187,0.0114567)
 [0.00794847,0.0080845)
 [0.00788054,0.00798957)
 [0.0060639,0.00738021)
 [0.00597846,0.00693887)
 [0.00590284,0.00628125)
 [0.00563076,0.00639004)
 [0.00535979,0.0072287)
 [0.00526495,0.00610964)
 [0.00517468,0.00528015)
 [0.00516974,0.00688708)
 [0.00512606,0.00513994)
 [0.00499344,0.00539329)
 [0.00493042,0.0051468)
 [0.00488381,0.00536728)
 [0.00485406,0.00610964)
 [0.00482186,0.00617561)
 [0.00482002,0.0054653)
 [0.00477418,0.00505712)
 [0.00476783,0.0048212)
 [0.00472766,0.0056245)
 [0.00472763,0.00507195)
 [0.00460908,0.00537094)
 [0.00452622,0.00468959)
 [0.0045262,0.00470085)
 [0.00450929,0.00523858)
 [0.00440977,0.00479365)
 [0.00440729,0.00446033)
 [0.00439631,0.00576316)
 [0.00434707,0.00458118)
 [0.0042571,0.00572651)
 [0.00423591,0.00578028)
 [0.00423166,0.00426805)
 [0.0042269,0.00463035)
 [0.004155,0.00444202)
 [0.00414788,0.00450254)
 [0.00411215,0.00424805)
 [0.00409428,0.00528855)
 [0.004061,0.00454059)
 [0.00402567,0.00433521)
 [0.00398697,0.00423721)
 [0.00398608,0.00490146)
 [0.00396809,0.00421568)
 [0.00395228,0.00467589)
 [0.00387847,0.00400083)
 [0.00385332,0.00394872)
 [0.00383058,0.00440498)
 [0.00381997,0.00465857)
 [0.00380098,0.00410358)
 [0.00377861,0.00379235)
 [0.0037367,0.00503838)
 [0.00372711,0.00389732)
 [0.00372211,0.00416978)
 [0.00371466,0.00402429)
 [0.00368054,0.00394041)
 [0.00363804,0.00380569)
 [0.00362236,0.00398363)
 [0.00360436,0.00402404)
 [0.00356346,0.00370899)
 [0.00355306,0.00367828)
 [0.00353683,0.00407985)
 [0.00352306,0.00384653)
 [0.00351627,0.00365218)
 [0.00350674,0.00392263)
 [0.00347124,0.00377475)
 [0.00345719,0.00372605)
 [0.00345179,0.0035019)
 [0.00344967,0.0034901)
 [0.00341851,0.00377214)
 [0.00339977,0.00378486)
 [0.00339896,0.00340115)
 [0.00337212,0.00390543)
 [0.003369,0.00337702)
 [0.00328649,0.0044571)
 [0.00328149,0.00362834)
 [0.00327047,0.00373066)
 [0.00326267,0.00329762)
 [0.00324451,0.0036663)
 [0.00321692,0.0032465)
 [0.00321179,0.00371143)
 [0.0032003,0.00320494)
 [0.00318906,0.00334548)
 [0.00318448,0.00339322)
 [0.00316066,0.00472464)
 [0.00315086,0.00425467)
 [0.00314179,0.00330401)
 [0.00312362,0.00339518)
 [0.00309715,0.00322983)
 [0.00307799,0.00324107)
 [0.00306651,0.00339022)
 [0.00306108,0.0030993)
 [0.00304281,0.00305326)
 [0.00298546,0.00329048)
 [0.0029671,0.00311364)
 [0.00295659,0.003638)
 [0.00292986,0.00340575)
 [0.00292838,0.00300359)
 [0.0028818,0.00359788)
 [0.00279007,0.00301659)
 [0.00274748,0.00310727)
 [0.00273558,0.00320389)
 [0.00270352,0.00303883)
 [0.00269014,0.00285775)
 [0.00265945,0.00272303)
 [0.0026432,0.00313935)
 [0.00260362,0.00276602)
 [0.00258492,0.00268373)
 [0.00254496,0.00269985)
 [0.00249137,0.00286168)
 [0.00248695,0.00253803)
 [0.00246681,0.00263564)
 [0.00244735,0.00252677)
 [0.00243708,0.00272967)
 [0.00243492,0.00291877)
 [0.0024113,0.00277429)
 [0.00240571,0.00292867)
 [0.00235248,0.00364008)
 [0.00234855,0.00258173)
 [0.00234829,0.00236079)
 [0.00233327,0.00237879)
 [0.00233099,0.0028956)
 [0.00229297,0.00306792)
 [0.00228925,0.00244536)
 [0.00223082,0.00233233)
 [0.00223022,0.00244934)
 [0.00219941,0.00226915)
 [0.00218959,0.00256338)
 [0.0021543,0.00251258)
 [0.00213942,0.00278716)
 [0.00210892,0.00262727)
 [0.00209613,0.00263274)
 [0.00209377,0.00313629)
 [0.00207403,0.00256866)
 [0.0020261,0.00252993)
 [0.00199595,0.00200272)
 [0.00199276,0.00199291)
 [0.0019706,0.00217883)
 [0.00194543,0.00196036)
 [0.0019443,0.00203963)
 [0.00191438,0.00214573)
 [0.00186791,0.0020588)
 [0.00186673,0.00190404)
 [0.00185169,0.00247836)
 [0.00181171,0.00256951)
 [0.00181126,0.00204193)
 [0.00179108,0.00180054)
 [0.00176207,0.00178259)
 [0.00175836,0.00188146)
 [0.00174956,0.00200074)
 [0.0017428,0.00197812)
 [0.00173888,0.00181058)
 [0.00172378,0.00172646)
 [0.00172282,0.00175606)
 [0.00172203,0.00173777)
 [0.00170365,0.00200869)
 [0.00164678,0.00183117)
 [0.00163548,0.00184708)
 [0.00160857,0.00173372)
 [0.00160631,0.0017502)
 [0.00156693,0.001663)
 [0.00154988,0.00176994)
 [0.00154543,0.00175001)
 [0.00150518,0.00200793)
 [0.00145975,0.00149839)
 [0.00144733,0.00209704)
 [0.00143097,0.00152093)
 [0.00142366,0.00149584)
 [0.00140057,0.00161626)
 [0.00136161,0.00140646)
 [0.00131474,0.00135904)
 [0.00128608,0.00128737)
 [0.00126188,0.00131582)
 [0.00122922,0.00138533)
 [0.00122138,0.00128953)
 [0.00102475,0.00112393)
 [0.00102034,0.00112161)
 [0.000923437,0.000950769)
 [0.000717052,0.000955788)
