persistence intervals in dim 1:
 [0.0156581,0.0158217)
 [0.0150612,0.0171386)
 [0.0111171,0.012631)
 [0.0105857,0.0107102)
 [0.010246,0.010875)
 [0.0098843,0.010145)
 [0.00984394,0.0117315)
 [0.00847761,0.00888602)
 [0.00844781,0.010539)
 [0.00775531,0.00885213)
 [0.00764086,0.010027)
 [0.00755122,0.00766911)
 [0.00745727,0.00775806)
 [0.00733144,0.00743885)
 [0.00682505,0.00695109)
 [0.00672622,0.00721801)
 [0.00627501,0.00699587)
 [0.00624866,0.00641933)
 [0.00605544,0.00689747)
 [0.00601784,0.00624176)
 [0.00578108,0.005967)
 [0.00567459,0.0058821)
 [0.00540375,0.00579761)
 [0.00528145,0.00557858)
 [0.00523278,0.00531525)
 [0.00510578,0.00533986)
 [0.00508531,0.00557483)
 [0.00505993,0.00527722)
 [0.00498329,0.00523958)
 [0.00483804,0.00513531)
 [0.00467245,0.00590686)
 [0.00462882,0.00535772)
 [0.00457996,0.00555824)
 [0.00453546,0.00527575)
 [0.00444091,0.00486764)
 [0.00441295,0.00448803)
 [0.00441123,0.00467285)
 [0.00440016,0.00484421)
 [0.00438805,0.00574359)
 [0.00433527,0.00509107)
 [0.00432399,0.00446438)
 [0.00429517,0.00551493)
 [0.00423355,0.00470793)
 [0.00407341,0.00458553)
 [0.00403792,0.00408955)
 [0.00399322,0.00449269)
 [0.00398257,0.00449431)
 [0.00397249,0.00404427)
 [0.00387462,0.00486695)
 [0.00380963,0.00403849)
 [0.00374689,0.00401772)
 [0.0037347,0.00387573)
 [0.00371689,0.00376757)
 [0.00367826,0.00404841)
 [0.00361175,0.00368899)
 [0.00358833,0.00407953)
 [0.00358826,0.00364751)
 [0.00357406,0.00504034)
 [0.00352705,0.00362012)
 [0.00348953,0.00353776)
 [0.00347052,0.00452445)
 [0.00343808,0.00348773)
 [0.00339982,0.00377076)
 [0.00337746,0.0035126)
 [0.00327849,0.00378057)
 [0.00315451,0.00382055)
 [0.00314975,0.00349533)
 [0.00314644,0.0033254)
 [0.00311624,0.00326915)
 [0.00308385,0.00346069)
 [0.00303638,0.00331436)
 [0.00299269,0.00359964)
 [0.002963,0.00410561)
 [0.00293571,0.00377582)
 [0.00288411,0.00318411)
 [0.00288245,0.00343261)
 [0.00287452,0.0031734)
 [0.00280934,0.00328331)
 [0.0027818,0.00292971)
 [0.00271189,0.00289895)
 [0.00269889,0.00357569)
 [0.00267726,0.00292574)
 [0.00266836,0.00279697)
 [0.00266542,0.00284365)
 [0.00260772,0.00276157)
 [0.00260534,0.00270361)
 [0.00259498,0.00273858)
 [0.00258599,0.00377676)
 [0.00249657,0.00257878)
 [0.00249008,0.00279006)
 [0.00247923,0.00268259)
 [0.00247395,0.00260159)
 [0.0024473,0.00250136)
 [0.00239955,0.00302021)
 [0.00239207,0.0026564)
 [0.00237394,0.00238687)
 [0.00237065,0.00292437)
 [0.00235066,0.00249428)
 [0.00232438,0.00288146)
 [0.00228815,0.00259573)
 [0.00226164,0.00231553)
 [0.00225864,0.00229969)
 [0.00224457,0.00243361)
 [0.00223247,0.00244597)
 [0.00220511,0.00221714)
 [0.00219247,0.00226568)
 [0.00218828,0.00247561)
 [0.00216296,0.00223389)
 [0.00214789,0.0030963)
 [0.00212913,0.00221594)
 [0.00211191,0.00222531)
 [0.0020966,0.0023039)
 [0.00205078,0.0026358)
 [0.00199554,0.00205992)
 [0.00196742,0.00227744)
 [0.00194506,0.00203758)
 [0.00187796,0.00253244)
 [0.00187281,0.00188742)
 [0.00186941,0.00193371)
 [0.00184839,0.0028718)
 [0.00180431,0.00182395)
 [0.00179,0.00198218)
 [0.00174805,0.00226155)
 [0.00173205,0.00185271)
 [0.00172235,0.00191313)
 [0.00169523,0.00206705)
 [0.00159866,0.00213551)
 [0.00158878,0.00185109)
 [0.0015525,0.00184946)
 [0.00155065,0.00166565)
 [0.00154793,0.00192747)
 [0.00153865,0.00181882)
 [0.00150212,0.00152441)
 [0.00149771,0.0016923)
 [0.00147396,0.00164108)
 [0.00147152,0.00165819)
 [0.00142374,0.00174598)
 [0.00138609,0.00172157)
 [0.00138076,0.00152468)
 [0.00137228,0.0013921)
 [0.00136565,0.00153963)
 [0.00135241,0.00144648)
 [0.00132779,0.00133369)
 [0.00132539,0.00140632)
 [0.00131769,0.00134033)
 [0.00125049,0.00128336)
 [0.00124711,0.00147538)
 [0.00122496,0.00122974)
 [0.00115373,0.00115638)
 [0.00114073,0.00121486)
 [0.0010861,0.00111674)
 [0.00101399,0.00110042)
 [0.000958763,0.000998321)
 [0.00088731,0.000894976)
 [0.000887114,0.00110501)
 [0.000846716,0.000896475)
