persistence intervals in dim 1:
 [0.0150639,0.0169307)
 [0.00966387,0.00974189)
 [0.00807341,0.00883783)
 [0.00795466,0.00814358)
 [0.00792751,0.0104922)
 [0.00784265,0.00787569)
 [0.00651768,0.00663014)
 [0.00645282,0.00651628)
 [0.00641347,0.00658206)
 [0.00585981,0.00680395)
 [0.005484,0.00646953)
 [0.00524315,0.00583939)
 [0.00463636,0.00468413)
 [0.00447607,0.00551034)
 [0.00438609,0.00441262)
 [0.00424293,0.00459285)
 [0.00400393,0.00403943)
 [0.00399558,0.00401757)
 [0.00394898,0.00413734)
 [0.00389273,0.0045401)
 [0.00379713,0.0039328)
 [0.00374559,0.00381189)
 [0.00361687,0.00361893)
 [0.00358205,0.00393405)
 [0.00342116,0.00345988)
 [0.00334464,0.00354589)
 [0.0032447,0.00368898)
 [0.00322475,0.00329781)
 [0.00311927,0.0033268)
 [0.00309518,0.00334823)
 [0.00303731,0.00324272)
 [0.0029258,0.00294046)
 [0.00283528,0.00298095)
 [0.00276677,0.00348418)
 [0.00262159,0.00293489)
 [0.00257165,0.00259625)
 [0.00252278,0.00268695)
 [0.00250891,0.002713)
 [0.0024945,0.00263309)
 [0.00249272,0.00262056)
 [0.00240457,0.00262892)
 [0.00235519,0.00257008)
 [0.00234067,0.00303351)
 [0.00231879,0.00245635)
 [0.0022918,0.00260945)
 [0.00228419,0.00229111)
 [0.00223376,0.00238523)
 [0.00219441,0.00243095)
 [0.00219203,0.0022831)
 [0.00208557,0.00220643)
 [0.00199115,0.00248476)
 [0.00198982,0.00214317)
 [0.00195581,0.00196004)
 [0.00192382,0.00208024)
 [0.00191362,0.00198069)
 [0.00186672,0.00201193)
 [0.00186182,0.00284329)
 [0.00186104,0.00197641)
 [0.00185193,0.00189273)
 [0.00178305,0.00188689)
 [0.00175255,0.00204089)
 [0.00169131,0.00204951)
 [0.00166617,0.00210382)
 [0.00162445,0.00176334)
 [0.001587,0.00161527)
 [0.00158588,0.00216863)
 [0.00154599,0.00182501)
 [0.00150622,0.00161481)
 [0.00149812,0.00163294)
 [0.00149725,0.001715)
 [0.00148579,0.00165142)
 [0.00146539,0.00149089)
 [0.00146088,0.00161277)
 [0.00143977,0.00150419)
 [0.0014184,0.0017855)
 [0.00139407,0.00165479)
 [0.00136758,0.00166385)
 [0.00134622,0.00142449)
 [0.00132502,0.00164353)
 [0.00130134,0.00136255)
 [0.00129025,0.00132062)
 [0.00128137,0.00138793)
 [0.00127805,0.00134969)
 [0.00124326,0.00127737)
 [0.00119289,0.00127476)
 [0.00117752,0.00118834)
 [0.00117361,0.00139529)
 [0.00115769,0.0011906)
 [0.00111359,0.00113438)
 [0.00109093,0.00121859)
 [0.00108115,0.00113906)
 [0.00107856,0.00113168)
 [0.00107491,0.00108137)
 [0.00106122,0.00142928)
 [0.00101678,0.00115575)
 [0.000999,0.0011214)
 [0.000996999,0.000999526)
 [0.000966396,0.000979175)
 [0.000959106,0.00116739)
 [0.000941541,0.00105364)
 [0.000936262,0.000976434)
 [0.000907872,0.000953587)
 [0.000891644,0.000899415)
 [0.00086788,0.00107946)
 [0.000764252,0.000838487)
 [0.000754431,0.00100147)
 [0.000745669,0.000785822)
 [0.000743455,0.000863548)
 [0.000715984,0.000754357)
 [0.000715343,0.000863904)
 [0.000703861,0.000761304)
 [0.000676046,0.000775121)
 [0.000659311,0.000744904)
 [0.000651752,0.000792216)
 [0.000639356,0.000674351)
 [0.00063238,0.000657972)
 [0.000581158,0.000597929)
 [0.000556767,0.000591613)
 [0.000543382,0.000562586)
 [0.000520737,0.000588056)
 [0.000445227,0.000505564)
