persistence intervals in dim 1:
 [0.00154518,0.00154618)
 [0.000738904,0.000878374)
 [0.000624898,0.000642462)
 [0.000571932,0.000727276)
 [0.000551531,0.000555855)
 [0.000547949,0.000564845)
 [0.000448497,0.000449315)
 [0.000391901,0.000419287)
 [0.000379801,0.000393093)
 [0.000348703,0.000370402)
 [0.000343693,0.000344989)
 [0.00034179,0.00041667)
 [0.000334211,0.000349321)
 [0.000331755,0.000419096)
 [0.000329137,0.000359014)
 [0.00031847,0.000369245)
 [0.000314263,0.000319608)
 [0.000305987,0.0003233)
 [0.000301485,0.000302354)
 [0.000299511,0.000321276)
 [0.000296187,0.000393799)
 [0.000294313,0.000343877)
 [0.000290321,0.000345292)
 [0.000280661,0.000336782)
 [0.000274644,0.000330319)
 [0.000271841,0.000330159)
 [0.000271421,0.000373075)
 [0.00026987,0.000275389)
 [0.000269161,0.000345076)
 [0.000267082,0.000282639)
 [0.000264233,0.000272765)
 [0.000263449,0.000283752)
 [0.00026212,0.000283657)
 [0.000259662,0.000262823)
 [0.000257307,0.000266966)
 [0.000254699,0.000305426)
 [0.000252658,0.000290086)
 [0.000252218,0.000352572)
 [0.000249865,0.00025253)
 [0.000249546,0.000262612)
 [0.000249137,0.000250514)
 [0.000247575,0.000291668)
 [0.000244733,0.000247976)
 [0.000242556,0.000252457)
 [0.000241912,0.000258487)
 [0.000241223,0.000255709)
 [0.000241153,0.000267721)
 [0.000240852,0.000253562)
 [0.000240111,0.000243929)
 [0.00024003,0.000314379)
 [0.000237801,0.000268768)
 [0.000236429,0.000247735)
 [0.000234574,0.000310606)
 [0.000233732,0.000312072)
 [0.000232639,0.000258653)
 [0.000231491,0.000248794)
 [0.000231279,0.000258221)
 [0.00022834,0.000233277)
 [0.000228076,0.000244137)
 [0.000226535,0.000244007)
 [0.000225346,0.000268816)
 [0.000222497,0.000251641)
 [0.000221921,0.000243001)
 [0.000221101,0.000239478)
 [0.000219972,0.000268482)
 [0.00021822,0.000221821)
 [0.000218011,0.00022873)
 [0.000217783,0.000224743)
 [0.000215419,0.000239903)
 [0.000215066,0.000236633)
 [0.000215038,0.000223378)
 [0.000214916,0.000219441)
 [0.000214278,0.000216079)
 [0.000213254,0.000241873)
 [0.000212421,0.000259521)
 [0.000212363,0.000265953)
 [0.000211883,0.000230193)
 [0.000211407,0.00026294)
 [0.000210303,0.000242217)
 [0.000207587,0.000225828)
 [0.000206409,0.000247929)
 [0.000206181,0.00022411)
 [0.000206033,0.000278141)
 [0.000204475,0.000217102)
 [0.000204464,0.000227984)
 [0.00020419,0.000221461)
 [0.000203835,0.000267271)
 [0.00020279,0.000211626)
 [0.000202168,0.000202743)
 [0.000201974,0.000254962)
 [0.000201946,0.000202618)
 [0.000201839,0.000228083)
 [0.000201525,0.000220908)
 [0.000201328,0.000226363)
 [0.00020102,0.000210642)
 [0.000200982,0.000217719)
 [0.000199916,0.000205303)
 [0.000199823,0.000213287)
 [0.000198787,0.000255201)
 [0.000198154,0.000209189)
 [0.000198126,0.000223456)
 [0.000197608,0.000197619)
 [0.000197444,0.000205)
 [0.000196497,0.00022814)
 [0.000195873,0.000261817)
 [0.000195729,0.000212498)
 [0.000195332,0.000229765)
 [0.000194967,0.000202863)
 [0.000191907,0.000221)
 [0.00019141,0.000212721)
 [0.000190764,0.000247329)
 [0.000190099,0.000193904)
 [0.000189917,0.000214665)
 [0.000189562,0.000204804)
 [0.000188744,0.000191675)
 [0.000188133,0.000218415)
 [0.000187887,0.000245811)
 [0.000187574,0.000189865)
 [0.000187428,0.000216366)
 [0.000187257,0.000263814)
 [0.00018696,0.000194548)
 [0.000186853,0.000187413)
 [0.00018641,0.000189692)
 [0.00018446,0.000192577)
 [0.000183595,0.00018702)
 [0.000183488,0.00023725)
 [0.000183057,0.00019678)
 [0.00018281,0.000183767)
 [0.000182724,0.000208296)
 [0.000182585,0.000198128)
 [0.000182226,0.000199042)
 [0.000182148,0.000237911)
 [0.000180845,0.000202636)
 [0.000179173,0.000218479)
 [0.000178924,0.000191302)
 [0.000178833,0.000215792)
 [0.00017804,0.000249264)
 [0.000177961,0.000203649)
 [0.000177452,0.000213941)
 [0.00017716,0.000209955)
 [0.000177136,0.000192901)
 [0.00017705,0.000177328)
 [0.000176979,0.000184057)
 [0.000176389,0.000185035)
 [0.000176357,0.000204739)
 [0.000176176,0.000242641)
 [0.000176053,0.000184933)
 [0.000173612,0.000219695)
 [0.00017346,0.000175284)
 [0.000172658,0.000194948)
 [0.000172501,0.000234166)
 [0.000171911,0.000224565)
 [0.000171261,0.000172379)
 [0.000170975,0.000183146)
 [0.000170931,0.000176162)
 [0.000170107,0.000185184)
 [0.000170105,0.000190088)
 [0.00016971,0.000229244)
 [0.000169145,0.000181915)
 [0.000169037,0.000249891)
 [0.000168815,0.000184175)
 [0.000168314,0.000216835)
 [0.000168203,0.000183623)
 [0.000167724,0.000178697)
 [0.000167692,0.000195581)
 [0.000167585,0.000176333)
 [0.000167244,0.000177328)
 [0.000166319,0.000182457)
 [0.000164746,0.000172194)
 [0.000164637,0.000200046)
 [0.0001642,0.000208188)
 [0.000163684,0.000220865)
 [0.000163307,0.000192917)
 [0.000162705,0.000209276)
 [0.000162702,0.000169935)
 [0.000162362,0.000165446)
 [0.000162281,0.000242217)
 [0.000161663,0.000166741)
 [0.000161448,0.000161878)
 [0.000159854,0.000159878)
 [0.000159717,0.000199966)
 [0.000159469,0.00018601)
 [0.000159233,0.000182498)
 [0.000159053,0.000192204)
 [0.000159004,0.000166256)
 [0.000158772,0.000191482)
 [0.00015875,0.000163308)
 [0.000158255,0.000158825)
 [0.000156489,0.00021566)
 [0.000156197,0.000192629)
 [0.000155857,0.000225844)
 [0.000155132,0.000156731)
 [0.000155102,0.000177545)
 [0.000154793,0.000209371)
 [0.000153893,0.000207008)
 [0.000153801,0.000172142)
 [0.000153108,0.000178417)
 [0.000152872,0.000170782)
 [0.000152804,0.000172748)
 [0.000152793,0.000157956)
 [0.00015217,0.000155242)
 [0.000151822,0.00015264)
 [0.000151307,0.000206556)
 [0.000151131,0.000172301)
 [0.000149815,0.00016691)
 [0.000149708,0.000251161)
 [0.000149495,0.000199124)
 [0.000149152,0.000179985)
 [0.000149067,0.000153643)
 [0.000148894,0.000149153)
 [0.000148406,0.000167624)
 [0.000147909,0.000198844)
 [0.000147862,0.0001754)
 [0.000147155,0.000166955)
 [0.00014707,0.00016317)
 [0.000147039,0.000151639)
 [0.000146683,0.000168131)
 [0.000146019,0.000224135)
 [0.000145694,0.000164494)
 [0.000144587,0.000144738)
 [0.000143822,0.000187903)
 [0.000143587,0.000147273)
 [0.000143558,0.000180609)
 [0.000143547,0.000144769)
 [0.000142701,0.000196628)
 [0.000142594,0.000176023)
 [0.000142342,0.000146897)
 [0.000141957,0.000143891)
 [0.000141546,0.000146554)
 [0.000141521,0.000155367)
 [0.000140459,0.000160856)
 [0.000140093,0.000230984)
 [0.000139532,0.000153418)
 [0.000139145,0.000141385)
 [0.000137964,0.000146765)
 [0.000137637,0.000148367)
 [0.000137453,0.000140233)
 [0.000137193,0.000137858)
 [0.000137044,0.000159965)
 [0.000137036,0.000193189)
 [0.000136871,0.000152186)
 [0.000136127,0.000141762)
 [0.000135597,0.000150418)
 [0.000135076,0.000145432)
 [0.000134849,0.0001731)
 [0.000134098,0.000134806)
 [0.0001329,0.000138236)
 [0.000131982,0.000156412)
 [0.000130976,0.000132461)
 [0.000130815,0.000157546)
 [0.0001308,0.000192761)
 [0.000130125,0.000133027)
 [0.00012981,0.000160625)
 [0.00012939,0.000134941)
 [0.000129356,0.000184772)
 [0.000128972,0.000130823)
 [0.000128378,0.000136985)
 [0.000128066,0.000134514)
 [0.000126591,0.000173289)
 [0.000126499,0.000126655)
 [0.000126296,0.000164949)
 [0.000125846,0.000136242)
 [0.000125483,0.000160105)
 [0.000124793,0.000150536)
 [0.00012475,0.000134015)
 [0.000123991,0.000188396)
 [0.000122228,0.000128192)
 [0.000121922,0.000159373)
 [0.000121252,0.000141538)
 [0.000121203,0.00013227)
 [0.00012068,0.00012939)
 [0.000120558,0.000120838)
 [0.000120548,0.000122836)
 [0.000120272,0.000135654)
 [0.000119831,0.000122846)
 [0.000117902,0.000136623)
 [0.000117308,0.000141538)
 [0.000116853,0.000139315)
 [0.000116367,0.000135274)
 [0.000116356,0.000141935)
 [0.000116298,0.000119702)
 [0.000116033,0.000118168)
 [0.000115881,0.000219376)
 [0.000115331,0.000129204)
 [0.000115321,0.000149787)
 [0.000114075,0.000182104)
 [0.000112808,0.000178061)
 [0.000112045,0.000149617)
 [0.000112037,0.000125419)
 [0.000109306,0.000110187)
 [0.000109129,0.000153115)
 [0.000108911,0.000113679)
 [0.000108098,0.0001162)
 [0.00010784,0.000135119)
 [0.000107424,0.000113657)
 [0.000107317,0.000132008)
 [0.000107003,0.000144215)
 [0.000106821,0.000158607)
 [0.000106139,0.000118157)
 [0.000105854,0.000156857)
 [0.000105044,0.000134125)
 [0.000103679,0.000132495)
 [0.000103226,0.000108067)
 [0.000102711,0.000104801)
 [0.000101617,0.000116782)
 [9.86553e-05,0.000112513)
 [9.7119e-05,0.000108667)
 [9.53155e-05,9.64413e-05)
 [9.46872e-05,0.000150867)
 [9.42391e-05,0.000104507)
 [9.11149e-05,9.26113e-05)
 [8.95127e-05,9.8434e-05)
 [8.64503e-05,9.63351e-05)
 [8.55726e-05,0.000107874)
 [8.45555e-05,9.90383e-05)
 [8.45284e-05,9.45966e-05)
 [8.42651e-05,8.79125e-05)
 [8.28846e-05,8.3176e-05)
 [8.02371e-05,8.65432e-05)
 [8.02106e-05,8.81085e-05)
 [7.03595e-05,8.1696e-05)
 [6.23392e-05,6.96052e-05)
