persistence intervals in dim 1:
 [0.00222289,0.00229258)
 [0.00221737,0.00227169)
 [0.00184457,0.00198893)
 [0.00184442,0.00186173)
 [0.00182797,0.00201547)
 [0.00172624,0.00173302)
 [0.00168355,0.00188908)
 [0.00166491,0.00178799)
 [0.00165516,0.00196747)
 [0.00162363,0.00173558)
 [0.00160944,0.00191582)
 [0.00160466,0.00160681)
 [0.00158892,0.00175873)
 [0.001572,0.00158403)
 [0.00154689,0.00156126)
 [0.00153496,0.00156458)
 [0.00151938,0.00176883)
 [0.00151902,0.00162915)
 [0.00145465,0.00147625)
 [0.0014542,0.00150229)
 [0.00143224,0.00148902)
 [0.00142611,0.00160634)
 [0.00141562,0.00158319)
 [0.00139802,0.00148164)
 [0.00139364,0.00152201)
 [0.00136112,0.00170917)
 [0.00134313,0.00138605)
 [0.00131687,0.0015005)
 [0.00131625,0.0015005)
 [0.00130992,0.00174151)
 [0.00129964,0.00139117)
 [0.00128798,0.00168518)
 [0.00128047,0.00130309)
 [0.00127262,0.00128792)
 [0.0012463,0.00151243)
 [0.0012447,0.00146811)
 [0.00122868,0.00123219)
 [0.00122376,0.00140591)
 [0.00121793,0.00142774)
 [0.00121489,0.00124977)
 [0.00121366,0.00140687)
 [0.00119275,0.00151381)
 [0.00119087,0.00121479)
 [0.00118031,0.00134154)
 [0.00117385,0.00164326)
 [0.0011659,0.00118019)
 [0.00116123,0.00116472)
 [0.00115547,0.00122193)
 [0.00114852,0.00137313)
 [0.0011467,0.00144914)
 [0.00114097,0.00116318)
 [0.00113031,0.00131745)
 [0.00112816,0.00120387)
 [0.00112736,0.00137597)
 [0.00112302,0.00118884)
 [0.00112194,0.00118927)
 [0.00112115,0.00134958)
 [0.00111652,0.00140667)
 [0.00110481,0.0012198)
 [0.00110088,0.00137074)
 [0.00109939,0.00126494)
 [0.00109375,0.00124431)
 [0.00108991,0.00133579)
 [0.00108679,0.00117898)
 [0.0010841,0.00113213)
 [0.00108226,0.00126453)
 [0.00108124,0.00137967)
 [0.0010766,0.00112472)
 [0.00106986,0.0011631)
 [0.0010654,0.00116354)
 [0.00106434,0.00106483)
 [0.00106202,0.00110102)
 [0.0010579,0.0014756)
 [0.00105451,0.00120456)
 [0.00101273,0.00109541)
 [0.00100881,0.00116738)
 [0.00100512,0.00109591)
 [0.00100179,0.00113094)
 [0.000984691,0.00110844)
 [0.000982685,0.0012212)
 [0.000981363,0.000981627)
 [0.000980333,0.0010535)
 [0.000975914,0.00123197)
 [0.000974112,0.00110236)
 [0.000972352,0.00117875)
 [0.000969638,0.00126094)
 [0.000968539,0.00102001)
 [0.000968472,0.000975001)
 [0.00096735,0.00108907)
 [0.000966128,0.00108006)
 [0.000961348,0.00099182)
 [0.000956354,0.00116749)
 [0.000951397,0.00108608)
 [0.000951194,0.00111045)
 [0.000950577,0.00100824)
 [0.00093957,0.00115755)
 [0.000938868,0.000960818)
 [0.000937296,0.00115318)
 [0.000931653,0.000936903)
 [0.000927983,0.00123803)
 [0.000925145,0.00105921)
 [0.000917819,0.000927206)
 [0.000908909,0.000920629)
 [0.000907137,0.000919842)
 [0.000904469,0.00104884)
 [0.000900928,0.000909582)
 [0.000896384,0.00110227)
 [0.000895138,0.00117051)
 [0.000894448,0.000904662)
 [0.000889578,0.0011544)
 [0.000887827,0.000924511)
 [0.000879462,0.00133586)
 [0.000873905,0.000875083)
 [0.000871084,0.000905917)
 [0.000870741,0.000957376)
 [0.000869941,0.000938802)
 [0.000869899,0.000921758)
 [0.000867407,0.000881818)
 [0.000863197,0.000951464)
 [0.000857412,0.000921806)
 [0.000856816,0.00104389)
 [0.000851586,0.00102762)
 [0.000851253,0.000922284)
 [0.000851,0.000862961)
 [0.000847149,0.000854088)
 [0.000837737,0.00114974)
 [0.000836997,0.00101568)
 [0.000835014,0.000873038)
 [0.00083403,0.00123089)
 [0.000833666,0.00100348)
 [0.00083257,0.00109637)
 [0.000826232,0.000847542)
 [0.000820944,0.000892202)
 [0.000820423,0.000925143)
 [0.000818567,0.0010646)
 [0.000817138,0.00087199)
 [0.000817001,0.0008388)
 [0.000814003,0.000849326)
 [0.000809835,0.00095852)
 [0.000804499,0.00084153)
 [0.000795059,0.000884493)
 [0.000794844,0.000807518)
 [0.00079238,0.000798154)
 [0.000787271,0.000955161)
 [0.000786199,0.00108001)
 [0.000781463,0.00100735)
 [0.000780539,0.000895033)
 [0.000778502,0.000804708)
 [0.000774258,0.000970511)
 [0.000770803,0.000778574)
 [0.000770552,0.000904312)
 [0.000762648,0.000962789)
 [0.000755473,0.00103008)
 [0.000754235,0.000921475)
 [0.000750072,0.000962644)
 [0.000741809,0.000779485)
 [0.000741724,0.000808702)
 [0.000736981,0.000761993)
 [0.000734341,0.000781454)
 [0.000728233,0.000856908)
 [0.000726436,0.000903754)
 [0.000723411,0.000814092)
 [0.000721205,0.000731125)
 [0.000718949,0.000861325)
 [0.000717462,0.000742931)
 [0.000713995,0.000775984)
 [0.000713813,0.000724377)
 [0.000712258,0.000716886)
 [0.000710877,0.000788837)
 [0.000707536,0.000995198)
 [0.000707104,0.000708624)
 [0.000704559,0.000803293)
 [0.000700876,0.000852036)
 [0.000699142,0.000728559)
 [0.00069299,0.000738033)
 [0.000692607,0.00107335)
 [0.000691155,0.000796386)
 [0.000689269,0.00077595)
 [0.000687894,0.000836034)
 [0.000687228,0.000687551)
 [0.000687179,0.000970867)
 [0.000686839,0.000689542)
 [0.000682337,0.000728829)
 [0.000682018,0.000877456)
 [0.000680848,0.000696952)
 [0.000679924,0.000836725)
 [0.000671633,0.000847719)
 [0.000671491,0.000803523)
 [0.000668346,0.000864434)
 [0.000666056,0.000801254)
 [0.000665785,0.000700529)
 [0.00066224,0.000698035)
 [0.000659745,0.000899185)
 [0.000658535,0.00066768)
 [0.000653897,0.000866341)
 [0.000652487,0.000701815)
 [0.000651211,0.00070825)
 [0.000648429,0.000933975)
 [0.000647856,0.00070542)
 [0.000645314,0.000646728)
 [0.000643416,0.000658325)
 [0.000642775,0.000696669)
 [0.000640547,0.000893244)
 [0.000638533,0.00069879)
 [0.000636087,0.000710981)
 [0.000631963,0.000726884)
 [0.000629364,0.000670674)
 [0.000626576,0.000893867)
 [0.000626208,0.00085721)
 [0.000626058,0.000647923)
 [0.000622343,0.000676021)
 [0.000617393,0.000831666)
 [0.000616248,0.000640033)
 [0.00061364,0.000977277)
 [0.000613454,0.00062447)
 [0.000613278,0.000955161)
 [0.000611143,0.000748304)
 [0.000610023,0.000627452)
 [0.000605972,0.000607573)
 [0.000603662,0.000787646)
 [0.000603609,0.000763978)
 [0.000602804,0.000711117)
 [0.000600574,0.000632285)
 [0.000600569,0.000665833)
 [0.000597196,0.000646915)
 [0.000593791,0.000733157)
 [0.000589661,0.000758405)
 [0.000587144,0.000587774)
 [0.000577929,0.000606179)
 [0.00057502,0.000603919)
 [0.000569355,0.000789136)
 [0.000565417,0.000568704)
 [0.000562672,0.000574646)
 [0.000556241,0.000591619)
 [0.000545259,0.000631514)
 [0.000543876,0.000711304)
 [0.000539059,0.000545095)
 [0.000538319,0.000709892)
 [0.000526332,0.000607573)
 [0.000516164,0.000628232)
 [0.000506587,0.00056504)
 [0.000498588,0.000544917)
 [0.000491758,0.000529006)
 [0.00048493,0.000593972)
 [0.000483489,0.000645567)
 [0.000477181,0.000484125)
 [0.000474483,0.000519195)
 [0.000471865,0.000482434)
 [0.000471506,0.000570199)
 [0.000468557,0.000519768)
 [0.000464071,0.000503691)
 [0.000460697,0.000483463)
 [0.000460288,0.000474414)
 [0.000445503,0.000724584)
 [0.000433186,0.000764072)
 [0.000429011,0.000521308)
 [0.000412285,0.000498657)
 [0.00041021,0.000449139)
 [0.000408724,0.000470394)
 [0.000408609,0.000479526)
 [0.000407157,0.000459189)
