persistence intervals in dim 1:
 [0.0121318,0.0122353)
 [0.0062247,0.00659375)
 [0.00586082,0.00622615)
 [0.00550006,0.00588263)
 [0.00548608,0.0056591)
 [0.00526526,0.00547781)
 [0.00524337,0.00614044)
 [0.00517139,0.00526896)
 [0.00504064,0.00536911)
 [0.00444626,0.00471547)
 [0.00440694,0.00485347)
 [0.00422469,0.00443974)
 [0.00412809,0.00567262)
 [0.00399505,0.00423172)
 [0.00394136,0.0041012)
 [0.00389933,0.00419361)
 [0.00361452,0.00387991)
 [0.00361185,0.00363398)
 [0.00361119,0.00388562)
 [0.00358883,0.00388522)
 [0.00349668,0.00434291)
 [0.00343613,0.00350903)
 [0.00337351,0.0034146)
 [0.00330763,0.00436)
 [0.00329031,0.00351778)
 [0.00327585,0.00334543)
 [0.00326435,0.00407204)
 [0.00317749,0.00392261)
 [0.00312262,0.00340607)
 [0.00299709,0.0036239)
 [0.00299533,0.0030299)
 [0.00296077,0.00330106)
 [0.00294038,0.00377815)
 [0.00291101,0.0030646)
 [0.00286713,0.0030744)
 [0.00285888,0.00332122)
 [0.00283963,0.00301998)
 [0.00282204,0.00309999)
 [0.00279635,0.00303432)
 [0.00279552,0.00425464)
 [0.00277909,0.00286929)
 [0.00275355,0.00297254)
 [0.00267335,0.00327507)
 [0.00261275,0.00285637)
 [0.00260022,0.00304118)
 [0.0025799,0.00314216)
 [0.00256407,0.00337767)
 [0.00255959,0.00257136)
 [0.00252447,0.00273307)
 [0.00251577,0.00275553)
 [0.00249302,0.00265757)
 [0.00247736,0.00296381)
 [0.00247659,0.00250508)
 [0.00247331,0.0026597)
 [0.00247203,0.0025881)
 [0.00244628,0.00249464)
 [0.00243606,0.0025688)
 [0.00243557,0.0024419)
 [0.00242688,0.00259403)
 [0.00241396,0.00279739)
 [0.00240936,0.00241585)
 [0.00238576,0.00260602)
 [0.00236719,0.00240724)
 [0.00233546,0.00261805)
 [0.00232567,0.00302056)
 [0.00231711,0.00245468)
 [0.00225199,0.00253483)
 [0.00224978,0.00225758)
 [0.00223818,0.00224742)
 [0.00222659,0.00245049)
 [0.00222561,0.00242148)
 [0.00221449,0.00244922)
 [0.00220466,0.00244856)
 [0.00220418,0.0025409)
 [0.00218654,0.00232883)
 [0.00214076,0.00252649)
 [0.0021403,0.00238177)
 [0.00207258,0.00266173)
 [0.00205062,0.00243367)
 [0.00201052,0.00240011)
 [0.00198912,0.00217194)
 [0.00194937,0.00231269)
 [0.00194737,0.00217708)
 [0.00193523,0.00199923)
 [0.00191774,0.00209719)
 [0.00188507,0.00239985)
 [0.00186949,0.00194066)
 [0.00186465,0.00204161)
 [0.00185925,0.00197202)
 [0.00185377,0.00189534)
 [0.00184588,0.00203112)
 [0.00181304,0.00193554)
 [0.00180936,0.0020579)
 [0.00180556,0.00198753)
 [0.00178623,0.00193111)
 [0.00175437,0.00200776)
 [0.00175177,0.00201998)
 [0.0017356,0.00177919)
 [0.00165435,0.00180307)
 [0.00165432,0.00205477)
 [0.00164483,0.00175332)
 [0.00163516,0.00163767)
 [0.0016334,0.00235585)
 [0.00161328,0.00165632)
 [0.00161008,0.00218108)
 [0.00160578,0.00171669)
 [0.0015917,0.00176432)
 [0.00158929,0.00211219)
 [0.00157442,0.00161751)
 [0.0015529,0.001569)
 [0.00155177,0.00175094)
 [0.00154957,0.00197507)
 [0.00154619,0.00258881)
 [0.00154473,0.00157476)
 [0.00154079,0.0017146)
 [0.00153741,0.00179875)
 [0.00152196,0.00263104)
 [0.00152119,0.00157295)
 [0.00151518,0.00174911)
 [0.00151108,0.00159026)
 [0.00150979,0.00151368)
 [0.00150215,0.00164548)
 [0.00149555,0.00154792)
 [0.00148298,0.0015685)
 [0.00148216,0.00184889)
 [0.00146175,0.00164901)
 [0.00144647,0.00150259)
 [0.00144173,0.00155233)
 [0.00143811,0.00165868)
 [0.00143145,0.00178859)
 [0.00142855,0.00158169)
 [0.00141265,0.00153445)
 [0.00139821,0.00171421)
 [0.00139557,0.00160801)
 [0.00136471,0.00152349)
 [0.00135405,0.00154689)
 [0.00133022,0.00152178)
 [0.00132548,0.00151148)
 [0.00132056,0.00155972)
 [0.00131999,0.00142577)
 [0.00130281,0.00177383)
 [0.00130047,0.00134467)
 [0.00128938,0.00151994)
 [0.00128729,0.00136299)
 [0.00128089,0.00150045)
 [0.00127094,0.0013823)
 [0.00125751,0.00128755)
 [0.00123685,0.00126584)
 [0.00121715,0.00122358)
 [0.00120389,0.00140649)
 [0.00120132,0.00121491)
 [0.00119834,0.00129418)
 [0.00114938,0.00123535)
 [0.00114734,0.00114821)
 [0.00110822,0.00118309)
 [0.00107349,0.0011219)
 [0.0010532,0.00109141)
 [0.00101936,0.001353)
 [0.00101453,0.00108024)
 [0.00100424,0.00116459)
 [0.000995898,0.00122145)
 [0.000976985,0.00114598)
 [0.000937752,0.000962886)
 [0.000932638,0.000979489)
 [0.000923166,0.00104606)
 [0.000918678,0.00100239)
 [0.000914445,0.000943177)
 [0.000862203,0.000865047)
 [0.000844189,0.000935085)
 [0.000840748,0.000864958)
 [0.000820453,0.000824651)
 [0.000690096,0.000802554)
 [0.000678887,0.000738878)
 [0.00045144,0.000453059)
