persistence intervals in dim 0:
 [0,2.44856e-06)
 [0,3.16304e-06)
 [0,1.81402e-05)
 [0,1.84677e-05)
 [0,1.90254e-05)
 [0,1.93379e-05)
 [0,1.94682e-05)
 [0,2.1023e-05)
 [0,2.12373e-05)
 [0,2.24499e-05)
 [0,2.31685e-05)
 [0,2.43736e-05)
 [0,2.45975e-05)
 [0,2.53964e-05)
 [0,2.5515e-05)
 [0,2.64762e-05)
 [0,2.99845e-05)
 [0,3.10332e-05)
 [0,3.1719e-05)
 [0,3.18698e-05)
 [0,3.20934e-05)
 [0,3.23261e-05)
 [0,3.28175e-05)
 [0,3.31362e-05)
 [0,3.3601e-05)
 [0,3.44229e-05)
 [0,3.4886e-05)
 [0,3.51141e-05)
 [0,3.51851e-05)
 [0,3.62626e-05)
 [0,3.72287e-05)
 [0,3.84839e-05)
 [0,3.86523e-05)
 [0,3.95095e-05)
 [0,4.02617e-05)
 [0,4.10978e-05)
 [0,4.11096e-05)
 [0,4.18931e-05)
 [0,4.21664e-05)
 [0,4.22011e-05)
 [0,4.2626e-05)
 [0,4.31503e-05)
 [0,4.31983e-05)
 [0,4.33246e-05)
 [0,4.47003e-05)
 [0,4.47213e-05)
 [0,4.56508e-05)
 [0,4.59333e-05)
 [0,4.67373e-05)
 [0,4.73924e-05)
 [0,4.82693e-05)
 [0,4.89583e-05)
 [0,4.98101e-05)
 [0,5.02102e-05)
 [0,5.06145e-05)
 [0,5.09227e-05)
 [0,5.16595e-05)
 [0,5.20487e-05)
 [0,5.24788e-05)
 [0,5.25936e-05)
 [0,5.30379e-05)
 [0,5.45343e-05)
 [0,5.45519e-05)
 [0,5.46405e-05)
 [0,5.47081e-05)
 [0,5.60087e-05)
 [0,5.63571e-05)
 [0,5.63836e-05)
 [0,5.67808e-05)
 [0,5.69992e-05)
 [0,5.74356e-05)
 [0,5.83264e-05)
 [0,5.87612e-05)
 [0,5.88047e-05)
 [0,5.95753e-05)
 [0,5.97492e-05)
 [0,5.98078e-05)
 [0,6.01738e-05)
 [0,6.21421e-05)
 [0,6.23779e-05)
 [0,6.26569e-05)
 [0,6.27129e-05)
 [0,6.28488e-05)
 [0,6.32295e-05)
 [0,6.35137e-05)
 [0,6.40785e-05)
 [0,6.49378e-05)
 [0,6.57052e-05)
 [0,6.61967e-05)
 [0,6.6393e-05)
 [0,6.64833e-05)
 [0,6.65354e-05)
 [0,6.68204e-05)
 [0,6.71944e-05)
 [0,6.74466e-05)
 [0,6.8271e-05)
 [0,6.84756e-05)
 [0,6.93609e-05)
 [0,6.97276e-05)
 [0,7.08465e-05)
 [0,7.12571e-05)
 [0,7.15952e-05)
 [0,7.18197e-05)
 [0,7.24005e-05)
 [0,7.28427e-05)
 [0,7.29168e-05)
 [0,7.29534e-05)
 [0,7.34438e-05)
 [0,7.35596e-05)
 [0,7.43093e-05)
 [0,7.44918e-05)
 [0,7.45528e-05)
 [0,7.48733e-05)
 [0,7.51921e-05)
 [0,7.53316e-05)
 [0,7.60247e-05)
 [0,7.6928e-05)
 [0,7.70138e-05)
 [0,7.7627e-05)
 [0,7.7634e-05)
 [0,7.77751e-05)
 [0,7.79616e-05)
 [0,7.82887e-05)
 [0,7.85746e-05)
 [0,7.96498e-05)
 [0,8.05035e-05)
 [0,8.08717e-05)
 [0,8.11427e-05)
 [0,8.12029e-05)
 [0,8.12594e-05)
 [0,8.18843e-05)
 [0,8.27163e-05)
 [0,8.39165e-05)
 [0,8.40292e-05)
 [0,8.42669e-05)
 [0,8.46706e-05)
 [0,8.47943e-05)
 [0,8.64229e-05)
 [0,8.66721e-05)
 [0,8.69771e-05)
 [0,8.75725e-05)
 [0,8.81428e-05)
 [0,8.84067e-05)
 [0,8.86515e-05)
 [0,8.92916e-05)
 [0,8.9627e-05)
 [0,9.03157e-05)
 [0,9.06484e-05)
 [0,9.10485e-05)
 [0,9.11373e-05)
 [0,9.12187e-05)
 [0,9.30433e-05)
 [0,9.34345e-05)
 [0,9.36105e-05)
 [0,9.41491e-05)
 [0,9.50143e-05)
 [0,9.59071e-05)
 [0,9.63435e-05)
 [0,9.65447e-05)
 [0,9.67582e-05)
 [0,9.70181e-05)
 [0,9.89652e-05)
 [0,9.97044e-05)
 [0,0.000100131)
 [0,0.000100229)
 [0,0.000100304)
 [0,0.000100563)
 [0,0.000101038)
 [0,0.000101474)
 [0,0.000101517)
 [0,0.000102246)
 [0,0.000102324)
 [0,0.000102712)
 [0,0.000103048)
 [0,0.000103194)
 [0,0.000103777)
 [0,0.000105304)
 [0,0.000105324)
 [0,0.000106598)
 [0,0.000106962)
 [0,0.000107198)
 [0,0.000107233)
 [0,0.000107411)
 [0,0.000107782)
 [0,0.000107837)
 [0,0.000107969)
 [0,0.000107991)
 [0,0.000108332)
 [0,0.000109239)
 [0,0.000109274)
 [0,0.000109458)
 [0,0.000109499)
 [0,0.000109571)
 [0,0.000110277)
 [0,0.000111898)
 [0,0.000112365)
 [0,0.000114692)
 [0,0.000115226)
 [0,0.000115455)
 [0,0.000115569)
 [0,0.000116044)
 [0,0.000116454)
 [0,0.000116713)
 [0,0.000116763)
 [0,0.000116987)
 [0,0.000117213)
 [0,0.000117482)
 [0,0.000118848)
 [0,0.000119599)
 [0,0.000120137)
 [0,0.000120516)
 [0,0.000121536)
 [0,0.000121775)
 [0,0.000122089)
 [0,0.000122298)
 [0,0.000122336)
 [0,0.000123713)
 [0,0.000124035)
 [0,0.000124081)
 [0,0.000124295)
 [0,0.000127193)
 [0,0.000129251)
 [0,0.000129345)
 [0,0.000130629)
 [0,0.000131086)
 [0,0.000131233)
 [0,0.000132953)
 [0,0.000134245)
 [0,0.000134826)
 [0,0.000134871)
 [0,0.000136019)
 [0,0.000136129)
 [0,0.000137048)
 [0,0.000137485)
 [0,0.00013854)
 [0,0.000139708)
 [0,0.000142141)
 [0,0.000142737)
 [0,0.000143503)
 [0,0.000143507)
 [0,0.000145122)
 [0,0.000146239)
 [0,0.00014895)
 [0,0.000149045)
 [0,0.000149563)
 [0,0.000150749)
 [0,0.000151213)
 [0,0.000151328)
 [0,0.00015225)
 [0,0.000152347)
 [0,0.000152663)
 [0,0.000153461)
 [0,0.000153629)
 [0,0.000153668)
 [0,0.000154676)
 [0,0.000155067)
 [0,0.000155428)
 [0,0.000156656)
 [0,0.000156757)
 [0,0.000156802)
 [0,0.000158553)
 [0,0.000158683)
 [0,0.000159562)
 [0,0.000159903)
 [0,0.000160216)
 [0,0.000160827)
 [0,0.000160913)
 [0,0.000160938)
 [0,0.000161637)
 [0,0.000162303)
 [0,0.000163711)
 [0,0.000165921)
 [0,0.000166012)
 [0,0.000167326)
 [0,0.000168059)
 [0,0.000168482)
 [0,0.000169039)
 [0,0.000172482)
 [0,0.000172552)
 [0,0.000176822)
 [0,0.000177)
 [0,0.000178612)
 [0,0.000179781)
 [0,0.000180181)
 [0,0.00018028)
 [0,0.000181235)
 [0,0.000181913)
 [0,0.000182236)
 [0,0.000184035)
 [0,0.000184256)
 [0,0.000185486)
 [0,0.00018647)
 [0,0.000186986)
 [0,0.000186996)
 [0,0.000187739)
 [0,0.000188483)
 [0,0.000189108)
 [0,0.000189806)
 [0,0.000190181)
 [0,0.000192442)
 [0,0.000192444)
 [0,0.000193917)
 [0,0.000194869)
 [0,0.000198369)
 [0,0.000198477)
 [0,0.000201011)
 [0,0.000201451)
 [0,0.000201457)
 [0,0.000201765)
 [0,0.000204851)
 [0,0.0002074)
 [0,0.000207974)
 [0,0.000209518)
 [0,0.000210983)
 [0,0.000211593)
 [0,0.000211947)
 [0,0.000213473)
 [0,0.000213733)
 [0,0.000214032)
 [0,0.000214926)
 [0,0.000217223)
 [0,0.000217242)
 [0,0.000219467)
 [0,0.00022019)
 [0,0.000222189)
 [0,0.000223003)
 [0,0.000223405)
 [0,0.000225118)
 [0,0.000228869)
 [0,0.000232255)
 [0,0.000232596)
 [0,0.000232624)
 [0,0.000234861)
 [0,0.000235007)
 [0,0.000235704)
 [0,0.000239009)
 [0,0.000239436)
 [0,0.000240261)
 [0,0.00024378)
 [0,0.000245319)
 [0,0.000245943)
 [0,0.000246578)
 [0,0.000246652)
 [0,0.000250387)
 [0,0.000251367)
 [0,0.000252737)
 [0,0.0002547)
 [0,0.000258742)
 [0,0.000259354)
 [0,0.000259566)
 [0,0.000261688)
 [0,0.000263183)
 [0,0.000266346)
 [0,0.000266913)
 [0,0.000267726)
 [0,0.000268903)
 [0,0.000271692)
 [0,0.000272554)
 [0,0.000272885)
 [0,0.000275035)
 [0,0.000275908)
 [0,0.000278717)
 [0,0.000278823)
 [0,0.000281286)
 [0,0.00028145)
 [0,0.000281605)
 [0,0.000283732)
 [0,0.000286372)
 [0,0.000290049)
 [0,0.000291051)
 [0,0.000293375)
 [0,0.000297365)
 [0,0.000298512)
 [0,0.000298607)
 [0,0.000298964)
 [0,0.00030057)
 [0,0.000301286)
 [0,0.000304193)
 [0,0.000304548)
 [0,0.000308898)
 [0,0.000310288)
 [0,0.000312906)
 [0,0.000315158)
 [0,0.000315827)
 [0,0.000324114)
 [0,0.000326863)
 [0,0.000329798)
 [0,0.000331885)
 [0,0.000334224)
 [0,0.00033455)
 [0,0.000340067)
 [0,0.000341936)
 [0,0.000343428)
 [0,0.000343521)
 [0,0.000347196)
 [0,0.000349954)
 [0,0.000353919)
 [0,0.0003603)
 [0,0.000365122)
 [0,0.000367116)
 [0,0.00037153)
 [0,0.000371591)
 [0,0.000373881)
 [0,0.000377944)
 [0,0.000379015)
 [0,0.000380927)
 [0,0.000381415)
 [0,0.000383232)
 [0,0.000385565)
 [0,0.000386247)
 [0,0.000387516)
 [0,0.000393308)
 [0,0.00039416)
 [0,0.000396258)
 [0,0.000396462)
 [0,0.000396857)
 [0,0.000397165)
 [0,0.000399265)
 [0,0.000401722)
 [0,0.000402121)
 [0,0.000402392)
 [0,0.000402927)
 [0,0.000404358)
 [0,0.00040461)
 [0,0.000408331)
 [0,0.000408821)
 [0,0.000414179)
 [0,0.000417577)
 [0,0.000421048)
 [0,0.000426606)
 [0,0.000427969)
 [0,0.000428299)
 [0,0.000428438)
 [0,0.000432288)
 [0,0.000438772)
 [0,0.000439969)
 [0,0.000441465)
 [0,0.000442866)
 [0,0.000443454)
 [0,0.000444551)
 [0,0.000449229)
 [0,0.000452463)
 [0,0.000458689)
 [0,0.000461084)
 [0,0.000461392)
 [0,0.000463618)
 [0,0.000469716)
 [0,0.000470597)
 [0,0.000477337)
 [0,0.000477921)
 [0,0.000480218)
 [0,0.000486373)
 [0,0.000486499)
 [0,0.000487027)
 [0,0.000487588)
 [0,0.000494265)
 [0,0.000494996)
 [0,0.000495688)
 [0,0.000497302)
 [0,0.000505929)
 [0,0.000513641)
 [0,0.000517307)
 [0,0.00053285)
 [0,0.000534343)
 [0,0.000535744)
 [0,0.000537084)
 [0,0.000537735)
 [0,0.000541285)
 [0,0.000545499)
 [0,0.000546461)
 [0,0.000551631)
 [0,0.000552747)
 [0,0.000553186)
 [0,0.000553291)
 [0,0.000554993)
 [0,0.000557325)
 [0,0.000573124)
 [0,0.000577442)
 [0,0.000585106)
 [0,0.000586003)
 [0,0.000588795)
 [0,0.000589331)
 [0,0.000596051)
 [0,0.000600379)
 [0,0.000601603)
 [0,0.000608401)
 [0,0.000608634)
 [0,0.000608786)
 [0,0.000613047)
 [0,0.000618432)
 [0,0.000619014)
 [0,0.000619427)
 [0,0.000620128)
 [0,0.000626502)
 [0,0.000630715)
 [0,0.000630814)
 [0,0.000631012)
 [0,0.000631134)
 [0,0.000632376)
 [0,0.000635345)
 [0,0.000637793)
 [0,0.000641328)
 [0,0.000642189)
 [0,0.000643294)
 [0,0.000647167)
 [0,0.000654407)
 [0,0.000656758)
 [0,0.000657433)
 [0,0.000664794)
 [0,0.000669543)
 [0,0.000670423)
 [0,0.00067207)
 [0,0.00067384)
 [0,0.000675163)
 [0,0.000680853)
 [0,0.000681523)
 [0,0.000687875)
 [0,0.000691571)
 [0,0.000694047)
 [0,0.000697103)
 [0,0.000698271)
 [0,0.000700175)
 [0,0.000700566)
 [0,0.000704423)
 [0,0.000705072)
 [0,0.000706114)
 [0,0.000706913)
 [0,0.000709238)
 [0,0.000716262)
 [0,0.000718383)
 [0,0.000719517)
 [0,0.000719831)
 [0,0.000723006)
 [0,0.00072323)
 [0,0.000723565)
 [0,0.000723804)
 [0,0.000726396)
 [0,0.000730667)
 [0,0.000732289)
 [0,0.000734747)
 [0,0.000747398)
 [0,0.000748362)
 [0,0.000749282)
 [0,0.000754213)
 [0,0.000756525)
 [0,0.000768551)
 [0,0.000769068)
 [0,0.000771341)
 [0,0.000776203)
 [0,0.000778263)
 [0,0.000779244)
 [0,0.000795405)
 [0,0.000802182)
 [0,0.000806266)
 [0,0.000807138)
 [0,0.000808744)
 [0,0.000815617)
 [0,0.000824163)
 [0,0.000828402)
 [0,0.000833629)
 [0,0.000837272)
 [0,0.00084726)
 [0,0.000849137)
 [0,0.000849736)
 [0,0.000856535)
 [0,0.000859406)
 [0,0.000882705)
 [0,0.00088539)
 [0,0.000889703)
 [0,0.000891977)
 [0,0.000896221)
 [0,0.000897891)
 [0,0.000905358)
 [0,0.000914745)
 [0,0.000915744)
 [0,0.000923987)
 [0,0.000924057)
 [0,0.000924756)
 [0,0.000932236)
 [0,0.000932353)
 [0,0.000932744)
 [0,0.000934379)
 [0,0.000936009)
 [0,0.000940729)
 [0,0.000956327)
 [0,0.00095942)
 [0,0.000963719)
 [0,0.000965832)
 [0,0.000967484)
 [0,0.000969612)
 [0,0.000975963)
 [0,0.000976824)
 [0,0.000977214)
 [0,0.00098255)
 [0,0.000984236)
 [0,0.000984449)
 [0,0.000993202)
 [0,0.000994603)
 [0,0.000995122)
 [0,0.00099846)
 [0,0.000998609)
 [0,0.00100263)
 [0,0.00100468)
 [0,0.00100744)
 [0,0.00101175)
 [0,0.0010265)
 [0,0.0010365)
 [0,0.00104818)
 [0,0.00105276)
 [0,0.00105322)
 [0,0.00105925)
 [0,0.00105983)
 [0,0.00106116)
 [0,0.00106332)
 [0,0.00106749)
 [0,0.00107421)
 [0,0.00107764)
 [0,0.0010821)
 [0,0.00108915)
 [0,0.00109077)
 [0,0.00109192)
 [0,0.00111159)
 [0,0.00111371)
 [0,0.00111474)
 [0,0.00111689)
 [0,0.001122)
 [0,0.00112356)
 [0,0.00113954)
 [0,0.0011411)
 [0,0.00114498)
 [0,0.00116289)
 [0,0.0011631)
 [0,0.0011661)
 [0,0.00118296)
 [0,0.00118394)
 [0,0.00118402)
 [0,0.00118651)
 [0,0.00119737)
 [0,0.0012012)
 [0,0.00120198)
 [0,0.00120705)
 [0,0.0012114)
 [0,0.00121344)
 [0,0.0012293)
 [0,0.00123699)
 [0,0.00123719)
 [0,0.00124024)
 [0,0.00124197)
 [0,0.00124309)
 [0,0.00124506)
 [0,0.00124704)
 [0,0.00124892)
 [0,0.00125137)
 [0,0.00125361)
 [0,0.00125587)
 [0,0.0012575)
 [0,0.00126315)
 [0,0.0012637)
 [0,0.00126505)
 [0,0.00127128)
 [0,0.00127513)
 [0,0.00127826)
 [0,0.00128151)
 [0,0.00129228)
 [0,0.00129758)
 [0,0.0013064)
 [0,0.00130867)
 [0,0.0013198)
 [0,0.00132155)
 [0,0.00132936)
 [0,0.00133199)
 [0,0.00134201)
 [0,0.00134927)
 [0,0.00134932)
 [0,0.00135631)
 [0,0.00137012)
 [0,0.00137127)
 [0,0.00137157)
 [0,0.00137646)
 [0,0.00137733)
 [0,0.00137941)
 [0,0.00138401)
 [0,0.00138959)
 [0,0.0013941)
 [0,0.00139646)
 [0,0.00140433)
 [0,0.00140488)
 [0,0.00141062)
 [0,0.00141211)
 [0,0.00141232)
 [0,0.00143028)
 [0,0.00143445)
 [0,0.00143623)
 [0,0.00143721)
 [0,0.00145071)
 [0,0.00145166)
 [0,0.00145193)
 [0,0.00145672)
 [0,0.00147035)
 [0,0.00149115)
 [0,0.00149462)
 [0,0.00149662)
 [0,0.00151664)
 [0,0.00152223)
 [0,0.00152295)
 [0,0.00152426)
 [0,0.00153659)
 [0,0.0015366)
 [0,0.00154917)
 [0,0.00154923)
 [0,0.00155512)
 [0,0.00155589)
 [0,0.00156252)
 [0,0.00157365)
 [0,0.00157516)
 [0,0.00157613)
 [0,0.00158986)
 [0,0.001591)
 [0,0.00159672)
 [0,0.00159699)
 [0,0.00159825)
 [0,0.00161413)
 [0,0.00161926)
 [0,0.00164004)
 [0,0.00164234)
 [0,0.00164545)
 [0,0.00167616)
 [0,0.00168577)
 [0,0.00168687)
 [0,0.0016892)
 [0,0.00169337)
 [0,0.00169723)
 [0,0.00170064)
 [0,0.00170959)
 [0,0.00171981)
 [0,0.00172655)
 [0,0.00172944)
 [0,0.00172985)
 [0,0.00173042)
 [0,0.00173447)
 [0,0.0017386)
 [0,0.0017408)
 [0,0.0017412)
 [0,0.0017449)
 [0,0.00174958)
 [0,0.00175373)
 [0,0.00175409)
 [0,0.00175503)
 [0,0.00177084)
 [0,0.00178067)
 [0,0.00178458)
 [0,0.0017852)
 [0,0.00178798)
 [0,0.00178871)
 [0,0.00178979)
 [0,0.00179989)
 [0,0.00180831)
 [0,0.00180968)
 [0,0.00181267)
 [0,0.00182529)
 [0,0.001827)
 [0,0.00184213)
 [0,0.00184301)
 [0,0.001851)
 [0,0.00185941)
 [0,0.00186319)
 [0,0.00187525)
 [0,0.00189117)
 [0,0.00189174)
 [0,0.00192116)
 [0,0.00192762)
 [0,0.00192849)
 [0,0.00192891)
 [0,0.00194713)
 [0,0.00195634)
 [0,0.00196007)
 [0,0.00196035)
 [0,0.00197233)
 [0,0.00198171)
 [0,0.00198173)
 [0,0.00198765)
 [0,0.0019899)
 [0,0.00201542)
 [0,0.00205124)
 [0,0.00205919)
 [0,0.00206938)
 [0,0.0020744)
 [0,0.00209625)
 [0,0.00210483)
 [0,0.00213051)
 [0,0.00213072)
 [0,0.0021358)
 [0,0.00213918)
 [0,0.00214549)
 [0,0.00214914)
 [0,0.00215259)
 [0,0.00215801)
 [0,0.0021758)
 [0,0.00220071)
 [0,0.00220223)
 [0,0.00223318)
 [0,0.00223438)
 [0,0.00223634)
 [0,0.00224453)
 [0,0.00226164)
 [0,0.00226263)
 [0,0.0022778)
 [0,0.0022827)
 [0,0.00228677)
 [0,0.00230457)
 [0,0.00230825)
 [0,0.00232686)
 [0,0.00236343)
 [0,0.00236697)
 [0,0.00237972)
 [0,0.00238957)
 [0,0.00240019)
 [0,0.00240994)
 [0,0.00243371)
 [0,0.00243419)
 [0,0.0024349)
 [0,0.00243539)
 [0,0.00245517)
 [0,0.00247344)
 [0,0.00247348)
 [0,0.00248741)
 [0,0.00249484)
 [0,0.0024956)
 [0,0.00250031)
 [0,0.00250248)
 [0,0.00250618)
 [0,0.00252208)
 [0,0.00254807)
 [0,0.00257339)
 [0,0.00257672)
 [0,0.00257807)
 [0,0.00258045)
 [0,0.00259823)
 [0,0.00260431)
 [0,0.00261466)
 [0,0.00261685)
 [0,0.00262567)
 [0,0.00264085)
 [0,0.00264977)
 [0,0.00266216)
 [0,0.00266616)
 [0,0.00266628)
 [0,0.00266723)
 [0,0.00267737)
 [0,0.00269732)
 [0,0.00269915)
 [0,0.00271049)
 [0,0.0027418)
 [0,0.00276548)
 [0,0.00277529)
 [0,0.00278211)
 [0,0.00278611)
 [0,0.00279578)
 [0,0.00282368)
 [0,0.00282835)
 [0,0.00283033)
 [0,0.00283569)
 [0,0.00283789)
 [0,0.00285277)
 [0,0.00287491)
 [0,0.00292884)
 [0,0.00293875)
 [0,0.00295118)
 [0,0.00296238)
 [0,0.00297954)
 [0,0.00307305)
 [0,0.00307469)
 [0,0.00307704)
 [0,0.00308695)
 [0,0.00310598)
 [0,0.00311472)
 [0,0.00312993)
 [0,0.00313333)
 [0,0.00314908)
 [0,0.00317895)
 [0,0.00319097)
 [0,0.00319676)
 [0,0.00321589)
 [0,0.00321835)
 [0,0.00322101)
 [0,0.00322673)
 [0,0.003246)
 [0,0.00325023)
 [0,0.00328235)
 [0,0.00328785)
 [0,0.00329967)
 [0,0.00332706)
 [0,0.00336961)
 [0,0.00337338)
 [0,0.00345928)
 [0,0.00351546)
 [0,0.00351719)
 [0,0.00356376)
 [0,0.00357383)
 [0,0.00359887)
 [0,0.00365784)
 [0,0.00366449)
 [0,0.00366452)
 [0,0.00366781)
 [0,0.00366882)
 [0,0.0036758)
 [0,0.00367937)
 [0,0.00370085)
 [0,0.00370812)
 [0,0.00374485)
 [0,0.00375656)
 [0,0.00375945)
 [0,0.00379778)
 [0,0.00391016)
 [0,0.00391615)
 [0,0.00395442)
 [0,0.00400113)
 [0,0.0040245)
 [0,0.00405022)
 [0,0.00405963)
 [0,0.00418784)
 [0,0.00418859)
 [0,0.00420474)
 [0,0.00422743)
 [0,0.00427726)
 [0,0.00429143)
 [0,0.0043174)
 [0,0.00439913)
 [0,0.00443678)
 [0,0.00450076)
 [0,0.00453533)
 [0,0.00457643)
 [0,0.00458575)
 [0,0.004605)
 [0,0.00461395)
 [0,0.00462239)
 [0,0.00465112)
 [0,0.00467583)
 [0,0.00469533)
 [0,0.00471325)
 [0,0.00475017)
 [0,0.00475559)
 [0,0.00476249)
 [0,0.0048328)
 [0,0.00485275)
 [0,0.00503207)
 [0,0.00507299)
 [0,0.00511789)
 [0,0.00548636)
 [0,0.00560773)
 [0,0.00561528)
 [0,0.00562542)
 [0,0.00567585)
 [0,0.0057324)
 [0,0.00575946)
 [0,0.00576445)
 [0,0.00579798)
 [0,0.00580276)
 [0,0.0058239)
 [0,0.00590675)
 [0,0.00609733)
 [0,0.00614121)
 [0,0.00618766)
 [0,0.00628595)
 [0,0.00638301)
 [0,0.00643652)
 [0,0.00703084)
 [0,0.00704799)
 [0,0.00707317)
 [0,0.00711264)
 [0,0.00715064)
 [0,0.0071768)
 [0,0.00727572)
 [0,0.0072779)
 [0,0.00738122)
 [0,0.00747412)
 [0,0.0074885)
 [0,0.0075625)
 [0,0.00775896)
 [0,0.00830619)
 [0,0.00856132)
 [0,0.00882178)
 [0,0.00906778)
 [0,0.00909005)
 [0,0.00921808)
 [0,0.00932002)
 [0,0.00960946)
 [0,0.00975919)
 [0,0.00997179)
 [0,0.0104509)
 [0,0.0105089)
 [0,0.0108061)
 [0,0.0116751)
 [0,0.0120894)
 [0,0.0127814)
 [0,0.0134277)
 [0,0.0137437)
 [0,0.0150593)
 [0,0.0152193)
 [0, )
