persistence intervals in dim 0:
 [0,0.000136776)
 [0,0.000215683)
 [0,0.000225963)
 [0,0.000226569)
 [0,0.000234111)
 [0,0.000238939)
 [0,0.000239303)
 [0,0.000241919)
 [0,0.000244146)
 [0,0.000244962)
 [0,0.000250756)
 [0,0.000254176)
 [0,0.00026985)
 [0,0.000284121)
 [0,0.00028572)
 [0,0.000286529)
 [0,0.000287473)
 [0,0.000298753)
 [0,0.000300573)
 [0,0.000305924)
 [0,0.000312229)
 [0,0.000314741)
 [0,0.000321494)
 [0,0.000326227)
 [0,0.000326887)
 [0,0.000329662)
 [0,0.000330328)
 [0,0.000333486)
 [0,0.000343503)
 [0,0.000344685)
 [0,0.000345525)
 [0,0.000346645)
 [0,0.000350276)
 [0,0.000351613)
 [0,0.000357778)
 [0,0.000360767)
 [0,0.000362715)
 [0,0.000362965)
 [0,0.000362983)
 [0,0.000366551)
 [0,0.00036941)
 [0,0.000371607)
 [0,0.000372934)
 [0,0.000373283)
 [0,0.000375979)
 [0,0.000377393)
 [0,0.000378588)
 [0,0.000379349)
 [0,0.00038008)
 [0,0.000384689)
 [0,0.000386529)
 [0,0.000387489)
 [0,0.000391533)
 [0,0.000393163)
 [0,0.000409833)
 [0,0.000414309)
 [0,0.000415209)
 [0,0.000416495)
 [0,0.000421704)
 [0,0.000422233)
 [0,0.000422553)
 [0,0.000423008)
 [0,0.000424693)
 [0,0.000424957)
 [0,0.000425634)
 [0,0.000432044)
 [0,0.000434953)
 [0,0.000442332)
 [0,0.000443727)
 [0,0.000444854)
 [0,0.000446227)
 [0,0.000446291)
 [0,0.0004465)
 [0,0.000446526)
 [0,0.000446875)
 [0,0.000450119)
 [0,0.000450613)
 [0,0.000450901)
 [0,0.000450978)
 [0,0.00045396)
 [0,0.000460213)
 [0,0.000468363)
 [0,0.000471212)
 [0,0.000473266)
 [0,0.000477079)
 [0,0.00048605)
 [0,0.00048659)
 [0,0.000487393)
 [0,0.000490142)
 [0,0.000491218)
 [0,0.000492187)
 [0,0.000493108)
 [0,0.000493824)
 [0,0.000495513)
 [0,0.000501367)
 [0,0.000501926)
 [0,0.000504358)
 [0,0.000507056)
 [0,0.000507751)
 [0,0.000512387)
 [0,0.000518202)
 [0,0.000522276)
 [0,0.000527514)
 [0,0.000529462)
 [0,0.000529749)
 [0,0.000531184)
 [0,0.00053555)
 [0,0.000536621)
 [0,0.00053905)
 [0,0.000539811)
 [0,0.000541275)
 [0,0.000543738)
 [0,0.00054655)
 [0,0.000547873)
 [0,0.000548847)
 [0,0.000549708)
 [0,0.000551331)
 [0,0.000551866)
 [0,0.000554603)
 [0,0.000558794)
 [0,0.000559107)
 [0,0.000559247)
 [0,0.00055968)
 [0,0.000559807)
 [0,0.000561413)
 [0,0.000562652)
 [0,0.000563023)
 [0,0.00056693)
 [0,0.00056969)
 [0,0.000572821)
 [0,0.000572839)
 [0,0.000575047)
 [0,0.000579338)
 [0,0.000580218)
 [0,0.00058025)
 [0,0.000582054)
 [0,0.000583785)
 [0,0.000587682)
 [0,0.000589171)
 [0,0.000590835)
 [0,0.000593608)
 [0,0.000597474)
 [0,0.000598205)
 [0,0.000604558)
 [0,0.000605085)
 [0,0.00060721)
 [0,0.000609579)
 [0,0.00060961)
 [0,0.000611051)
 [0,0.000612229)
 [0,0.000613632)
 [0,0.000614041)
 [0,0.000614941)
 [0,0.000615586)
 [0,0.000615725)
 [0,0.000616299)
 [0,0.00061727)
 [0,0.000618076)
 [0,0.000622251)
 [0,0.000623252)
 [0,0.000625664)
 [0,0.000627174)
 [0,0.000628501)
 [0,0.000629376)
 [0,0.000632079)
 [0,0.000637195)
 [0,0.000639145)
 [0,0.000642764)
 [0,0.000643985)
 [0,0.0006445)
 [0,0.000647161)
 [0,0.000649051)
 [0,0.000651879)
 [0,0.000652224)
 [0,0.00065307)
 [0,0.000655682)
 [0,0.000655863)
 [0,0.00065973)
 [0,0.000662957)
 [0,0.000666215)
 [0,0.000667385)
 [0,0.000667476)
 [0,0.000671993)
 [0,0.000672012)
 [0,0.000672484)
 [0,0.000673108)
 [0,0.000675262)
 [0,0.000675576)
 [0,0.000675738)
 [0,0.00067655)
 [0,0.000677144)
 [0,0.000680384)
 [0,0.000684546)
 [0,0.000687711)
 [0,0.000689559)
 [0,0.000689716)
 [0,0.000690308)
 [0,0.000700306)
 [0,0.000702965)
 [0,0.000704293)
 [0,0.000704528)
 [0,0.000707384)
 [0,0.000707517)
 [0,0.000708066)
 [0,0.000713107)
 [0,0.00071319)
 [0,0.000714035)
 [0,0.000716908)
 [0,0.000717308)
 [0,0.000719545)
 [0,0.000721824)
 [0,0.000722456)
 [0,0.000722507)
 [0,0.000722996)
 [0,0.000724295)
 [0,0.00072451)
 [0,0.000725789)
 [0,0.000726715)
 [0,0.000727334)
 [0,0.00072793)
 [0,0.000729087)
 [0,0.000730095)
 [0,0.000733232)
 [0,0.000733846)
 [0,0.00073675)
 [0,0.000737022)
 [0,0.000737117)
 [0,0.000737854)
 [0,0.000738002)
 [0,0.000738438)
 [0,0.000739679)
 [0,0.000739964)
 [0,0.000743741)
 [0,0.000745079)
 [0,0.000745645)
 [0,0.000745864)
 [0,0.0007463)
 [0,0.000746504)
 [0,0.000746931)
 [0,0.000747144)
 [0,0.00074933)
 [0,0.000751278)
 [0,0.000752129)
 [0,0.000752742)
 [0,0.000752838)
 [0,0.000754002)
 [0,0.000754262)
 [0,0.000756666)
 [0,0.000757936)
 [0,0.000760905)
 [0,0.00076153)
 [0,0.000762667)
 [0,0.000762818)
 [0,0.000763119)
 [0,0.000764176)
 [0,0.0007642)
 [0,0.000764637)
 [0,0.000765441)
 [0,0.000768199)
 [0,0.000768368)
 [0,0.000771208)
 [0,0.000771418)
 [0,0.000772223)
 [0,0.000773376)
 [0,0.00077887)
 [0,0.000779058)
 [0,0.000780095)
 [0,0.000780704)
 [0,0.000785035)
 [0,0.000785317)
 [0,0.000786284)
 [0,0.00078831)
 [0,0.000789336)
 [0,0.000790197)
 [0,0.000790531)
 [0,0.000790578)
 [0,0.000794839)
 [0,0.000796349)
 [0,0.000800702)
 [0,0.000802429)
 [0,0.00080281)
 [0,0.000805202)
 [0,0.000806301)
 [0,0.000806965)
 [0,0.000808697)
 [0,0.000810488)
 [0,0.000811231)
 [0,0.000812019)
 [0,0.000813198)
 [0,0.000813705)
 [0,0.000817394)
 [0,0.000818475)
 [0,0.000819664)
 [0,0.000820246)
 [0,0.000820611)
 [0,0.000820963)
 [0,0.00082176)
 [0,0.000822113)
 [0,0.000822878)
 [0,0.000824908)
 [0,0.000826823)
 [0,0.000827349)
 [0,0.000827376)
 [0,0.000828969)
 [0,0.0008292)
 [0,0.000830308)
 [0,0.000832587)
 [0,0.000832952)
 [0,0.000833634)
 [0,0.000835489)
 [0,0.00083599)
 [0,0.000836799)
 [0,0.000837073)
 [0,0.000837574)
 [0,0.000838247)
 [0,0.000838394)
 [0,0.000839047)
 [0,0.000839636)
 [0,0.000840124)
 [0,0.00084401)
 [0,0.000846923)
 [0,0.000849121)
 [0,0.00084916)
 [0,0.000849927)
 [0,0.000850893)
 [0,0.000857396)
 [0,0.000857443)
 [0,0.000857483)
 [0,0.000857592)
 [0,0.00085856)
 [0,0.000861042)
 [0,0.000861825)
 [0,0.000862051)
 [0,0.000862939)
 [0,0.000863108)
 [0,0.000863428)
 [0,0.000863439)
 [0,0.000863475)
 [0,0.000864289)
 [0,0.000867104)
 [0,0.000870263)
 [0,0.000870585)
 [0,0.000871788)
 [0,0.000872524)
 [0,0.000872826)
 [0,0.000874955)
 [0,0.000874978)
 [0,0.000880442)
 [0,0.000881496)
 [0,0.000881624)
 [0,0.000882093)
 [0,0.000882099)
 [0,0.000883047)
 [0,0.000883372)
 [0,0.000884425)
 [0,0.000885796)
 [0,0.000888668)
 [0,0.000888754)
 [0,0.00088912)
 [0,0.000889493)
 [0,0.00088968)
 [0,0.000890589)
 [0,0.000891293)
 [0,0.000891782)
 [0,0.000892049)
 [0,0.000893251)
 [0,0.000896131)
 [0,0.000896611)
 [0,0.000897859)
 [0,0.00089826)
 [0,0.000899548)
 [0,0.000900401)
 [0,0.000902524)
 [0,0.0009038)
 [0,0.000905406)
 [0,0.000905454)
 [0,0.00090695)
 [0,0.00090716)
 [0,0.000907856)
 [0,0.000909551)
 [0,0.000909992)
 [0,0.000913553)
 [0,0.00091382)
 [0,0.000916931)
 [0,0.000916937)
 [0,0.000917043)
 [0,0.000917203)
 [0,0.000918385)
 [0,0.000919539)
 [0,0.000920094)
 [0,0.000920227)
 [0,0.000922394)
 [0,0.000923859)
 [0,0.000926492)
 [0,0.000927803)
 [0,0.000928887)
 [0,0.000929883)
 [0,0.000930971)
 [0,0.000931394)
 [0,0.000932724)
 [0,0.000932801)
 [0,0.000933084)
 [0,0.000937444)
 [0,0.000942008)
 [0,0.000944098)
 [0,0.000945903)
 [0,0.00094681)
 [0,0.000947602)
 [0,0.000949513)
 [0,0.000949885)
 [0,0.000950206)
 [0,0.000950592)
 [0,0.000950862)
 [0,0.000951188)
 [0,0.000952928)
 [0,0.000954495)
 [0,0.000957055)
 [0,0.000963736)
 [0,0.0009642)
 [0,0.000965079)
 [0,0.00096639)
 [0,0.00096832)
 [0,0.000970434)
 [0,0.000971131)
 [0,0.000971261)
 [0,0.000972028)
 [0,0.000975761)
 [0,0.0009768)
 [0,0.0009782)
 [0,0.000980382)
 [0,0.00098226)
 [0,0.00098338)
 [0,0.000983596)
 [0,0.000984782)
 [0,0.000986445)
 [0,0.000986607)
 [0,0.000986992)
 [0,0.000987284)
 [0,0.000987368)
 [0,0.000988108)
 [0,0.000988347)
 [0,0.000989734)
 [0,0.000990798)
 [0,0.000992169)
 [0,0.000992853)
 [0,0.000993721)
 [0,0.000997883)
 [0,0.000998271)
 [0,0.000998845)
 [0,0.000998899)
 [0,0.000999474)
 [0,0.00100154)
 [0,0.00100204)
 [0,0.00100419)
 [0,0.00100435)
 [0,0.00100532)
 [0,0.00100589)
 [0,0.00100958)
 [0,0.00101002)
 [0,0.00101132)
 [0,0.00101276)
 [0,0.00101713)
 [0,0.00101879)
 [0,0.00101933)
 [0,0.0010195)
 [0,0.00102062)
 [0,0.00102279)
 [0,0.00102313)
 [0,0.00102341)
 [0,0.00102661)
 [0,0.00102682)
 [0,0.00102711)
 [0,0.00102804)
 [0,0.00102853)
 [0,0.00103398)
 [0,0.00103548)
 [0,0.00103686)
 [0,0.00103915)
 [0,0.0010398)
 [0,0.00104007)
 [0,0.00104105)
 [0,0.00104124)
 [0,0.00104259)
 [0,0.00104298)
 [0,0.00105102)
 [0,0.00105129)
 [0,0.00105226)
 [0,0.00105237)
 [0,0.00105722)
 [0,0.00105744)
 [0,0.00105769)
 [0,0.00106094)
 [0,0.00106338)
 [0,0.00106499)
 [0,0.00106807)
 [0,0.00106854)
 [0,0.00106994)
 [0,0.00107018)
 [0,0.00107391)
 [0,0.00107402)
 [0,0.00107469)
 [0,0.00107509)
 [0,0.00107523)
 [0,0.00107551)
 [0,0.0010774)
 [0,0.00107786)
 [0,0.00107795)
 [0,0.00107922)
 [0,0.00108094)
 [0,0.00108106)
 [0,0.00108114)
 [0,0.00108171)
 [0,0.00108177)
 [0,0.00108671)
 [0,0.00108724)
 [0,0.00108924)
 [0,0.00109045)
 [0,0.00109325)
 [0,0.00109337)
 [0,0.00109479)
 [0,0.00109496)
 [0,0.00109517)
 [0,0.00109589)
 [0,0.00109646)
 [0,0.00109759)
 [0,0.00109883)
 [0,0.00110141)
 [0,0.00110208)
 [0,0.00110211)
 [0,0.00110359)
 [0,0.00110419)
 [0,0.00110505)
 [0,0.00110863)
 [0,0.00111115)
 [0,0.00111287)
 [0,0.0011148)
 [0,0.00111683)
 [0,0.00111859)
 [0,0.00112366)
 [0,0.00112389)
 [0,0.00112457)
 [0,0.00112482)
 [0,0.00112892)
 [0,0.00113146)
 [0,0.00113208)
 [0,0.00113273)
 [0,0.00113393)
 [0,0.00113442)
 [0,0.00113619)
 [0,0.00113649)
 [0,0.00113672)
 [0,0.00113846)
 [0,0.00113852)
 [0,0.00113977)
 [0,0.0011403)
 [0,0.0011408)
 [0,0.00114127)
 [0,0.0011433)
 [0,0.00114449)
 [0,0.00114787)
 [0,0.0011489)
 [0,0.00114955)
 [0,0.00115279)
 [0,0.00115376)
 [0,0.00115448)
 [0,0.00115574)
 [0,0.00115722)
 [0,0.00115816)
 [0,0.00115885)
 [0,0.00116016)
 [0,0.00116164)
 [0,0.00116604)
 [0,0.00116968)
 [0,0.00117156)
 [0,0.00117488)
 [0,0.00117651)
 [0,0.00117657)
 [0,0.00117822)
 [0,0.00118086)
 [0,0.0011809)
 [0,0.0011824)
 [0,0.00118405)
 [0,0.00118514)
 [0,0.00118583)
 [0,0.00118618)
 [0,0.00118665)
 [0,0.00119012)
 [0,0.00119206)
 [0,0.00119235)
 [0,0.0011932)
 [0,0.00119488)
 [0,0.0011968)
 [0,0.00119783)
 [0,0.0012003)
 [0,0.00120218)
 [0,0.00120461)
 [0,0.00120511)
 [0,0.00120682)
 [0,0.00120878)
 [0,0.00120987)
 [0,0.00121024)
 [0,0.00121064)
 [0,0.0012126)
 [0,0.00121401)
 [0,0.00121405)
 [0,0.00121599)
 [0,0.00121629)
 [0,0.0012174)
 [0,0.00122072)
 [0,0.00122142)
 [0,0.00122464)
 [0,0.00122518)
 [0,0.00122547)
 [0,0.00122748)
 [0,0.00122913)
 [0,0.00123047)
 [0,0.00123117)
 [0,0.001233)
 [0,0.00123382)
 [0,0.00123486)
 [0,0.00124102)
 [0,0.00124102)
 [0,0.00124122)
 [0,0.00124227)
 [0,0.00124283)
 [0,0.00124404)
 [0,0.00124815)
 [0,0.00124866)
 [0,0.00125209)
 [0,0.00125585)
 [0,0.00126007)
 [0,0.0012695)
 [0,0.00127023)
 [0,0.00127122)
 [0,0.00127495)
 [0,0.0012751)
 [0,0.00127618)
 [0,0.00127987)
 [0,0.00128558)
 [0,0.00128765)
 [0,0.00128778)
 [0,0.00128884)
 [0,0.0012891)
 [0,0.00129217)
 [0,0.00129354)
 [0,0.0012962)
 [0,0.00129747)
 [0,0.00129975)
 [0,0.0013042)
 [0,0.00130698)
 [0,0.00130722)
 [0,0.0013083)
 [0,0.00130833)
 [0,0.00130967)
 [0,0.00131068)
 [0,0.00131117)
 [0,0.00131256)
 [0,0.00131564)
 [0,0.00131768)
 [0,0.0013216)
 [0,0.00132332)
 [0,0.00132883)
 [0,0.00133505)
 [0,0.00133563)
 [0,0.0013364)
 [0,0.00134089)
 [0,0.00134259)
 [0,0.00134436)
 [0,0.00134635)
 [0,0.00134848)
 [0,0.00134981)
 [0,0.0013513)
 [0,0.00135213)
 [0,0.00135283)
 [0,0.00135804)
 [0,0.00135831)
 [0,0.0013584)
 [0,0.00136001)
 [0,0.00136477)
 [0,0.00136513)
 [0,0.0013663)
 [0,0.00136631)
 [0,0.00136819)
 [0,0.00136824)
 [0,0.001371)
 [0,0.00137283)
 [0,0.00138343)
 [0,0.00138565)
 [0,0.00138829)
 [0,0.00138837)
 [0,0.00138882)
 [0,0.00139256)
 [0,0.00139258)
 [0,0.00139669)
 [0,0.00139684)
 [0,0.00139732)
 [0,0.00140004)
 [0,0.00140325)
 [0,0.00140476)
 [0,0.00140534)
 [0,0.0014063)
 [0,0.00141052)
 [0,0.00141208)
 [0,0.0014129)
 [0,0.00141472)
 [0,0.00141682)
 [0,0.00141858)
 [0,0.00142009)
 [0,0.00142309)
 [0,0.00142456)
 [0,0.00142502)
 [0,0.00142507)
 [0,0.0014251)
 [0,0.00142515)
 [0,0.00142567)
 [0,0.00143242)
 [0,0.00143367)
 [0,0.00143471)
 [0,0.00143641)
 [0,0.00143783)
 [0,0.00144055)
 [0,0.00144147)
 [0,0.00144632)
 [0,0.00144681)
 [0,0.00144883)
 [0,0.00144987)
 [0,0.00145685)
 [0,0.00145971)
 [0,0.00146025)
 [0,0.00146248)
 [0,0.00146299)
 [0,0.00146736)
 [0,0.00147486)
 [0,0.00147553)
 [0,0.00148114)
 [0,0.00148304)
 [0,0.00148533)
 [0,0.00148609)
 [0,0.00148637)
 [0,0.00148728)
 [0,0.00148967)
 [0,0.0014907)
 [0,0.00149097)
 [0,0.00149596)
 [0,0.00149954)
 [0,0.00150235)
 [0,0.00150287)
 [0,0.00150357)
 [0,0.00150847)
 [0,0.00151389)
 [0,0.00151546)
 [0,0.00151911)
 [0,0.00151951)
 [0,0.00152249)
 [0,0.00152288)
 [0,0.00152732)
 [0,0.00152868)
 [0,0.00153004)
 [0,0.00153186)
 [0,0.00153318)
 [0,0.00153964)
 [0,0.00154083)
 [0,0.00154167)
 [0,0.00154824)
 [0,0.00155038)
 [0,0.0015506)
 [0,0.00155415)
 [0,0.00155854)
 [0,0.0015597)
 [0,0.00156428)
 [0,0.00156597)
 [0,0.00157162)
 [0,0.00157587)
 [0,0.0015761)
 [0,0.00157625)
 [0,0.00157811)
 [0,0.00157984)
 [0,0.00158824)
 [0,0.00159161)
 [0,0.00159244)
 [0,0.001596)
 [0,0.00159783)
 [0,0.00159997)
 [0,0.00160135)
 [0,0.00160195)
 [0,0.00160262)
 [0,0.00160377)
 [0,0.00160802)
 [0,0.00161272)
 [0,0.00161482)
 [0,0.0016177)
 [0,0.00161818)
 [0,0.00161894)
 [0,0.0016231)
 [0,0.00162378)
 [0,0.00163049)
 [0,0.00163787)
 [0,0.00164301)
 [0,0.00164671)
 [0,0.00164864)
 [0,0.00165006)
 [0,0.00165256)
 [0,0.00165314)
 [0,0.00166555)
 [0,0.00166611)
 [0,0.00166657)
 [0,0.00167353)
 [0,0.0016752)
 [0,0.00167925)
 [0,0.00168483)
 [0,0.00168715)
 [0,0.00168779)
 [0,0.0016922)
 [0,0.00170715)
 [0,0.00170883)
 [0,0.00171941)
 [0,0.00172076)
 [0,0.00172378)
 [0,0.00172593)
 [0,0.0017292)
 [0,0.00173135)
 [0,0.00173484)
 [0,0.00174173)
 [0,0.00174928)
 [0,0.0017499)
 [0,0.00175036)
 [0,0.00175199)
 [0,0.00175252)
 [0,0.00175539)
 [0,0.00175744)
 [0,0.00175776)
 [0,0.00176067)
 [0,0.00176641)
 [0,0.00176899)
 [0,0.00177813)
 [0,0.00177943)
 [0,0.00178202)
 [0,0.00179147)
 [0,0.0017983)
 [0,0.00180085)
 [0,0.00181402)
 [0,0.00181473)
 [0,0.00181572)
 [0,0.00181579)
 [0,0.00181949)
 [0,0.00182466)
 [0,0.0018249)
 [0,0.00182623)
 [0,0.00183303)
 [0,0.00183788)
 [0,0.00185782)
 [0,0.00185881)
 [0,0.00186408)
 [0,0.00186713)
 [0,0.00186832)
 [0,0.00187316)
 [0,0.0018741)
 [0,0.00187652)
 [0,0.00187873)
 [0,0.00188414)
 [0,0.00189138)
 [0,0.00189662)
 [0,0.00189984)
 [0,0.00190152)
 [0,0.00190765)
 [0,0.0019092)
 [0,0.00191349)
 [0,0.00191394)
 [0,0.0019155)
 [0,0.00192244)
 [0,0.00192685)
 [0,0.00195583)
 [0,0.00196984)
 [0,0.00197315)
 [0,0.00197461)
 [0,0.00198723)
 [0,0.00200657)
 [0,0.00200842)
 [0,0.00201308)
 [0,0.00203128)
 [0,0.00203365)
 [0,0.00203502)
 [0,0.0020462)
 [0,0.00205012)
 [0,0.00205018)
 [0,0.00205466)
 [0,0.00206053)
 [0,0.00206568)
 [0,0.00206605)
 [0,0.002084)
 [0,0.00210245)
 [0,0.00210433)
 [0,0.00211484)
 [0,0.00212068)
 [0,0.00212072)
 [0,0.00212288)
 [0,0.00212413)
 [0,0.00213776)
 [0,0.00215501)
 [0,0.00217212)
 [0,0.00219009)
 [0,0.00219036)
 [0,0.00219315)
 [0,0.00220999)
 [0,0.00221496)
 [0,0.00223744)
 [0,0.00223922)
 [0,0.00224347)
 [0,0.00224819)
 [0,0.00225524)
 [0,0.0022816)
 [0,0.00228833)
 [0,0.00230858)
 [0,0.0023093)
 [0,0.0023242)
 [0,0.00232544)
 [0,0.00233967)
 [0,0.00234857)
 [0,0.00235054)
 [0,0.00236297)
 [0,0.00236384)
 [0,0.00236849)
 [0,0.00237121)
 [0,0.00237671)
 [0,0.00240916)
 [0,0.00242623)
 [0,0.00243584)
 [0,0.00243782)
 [0,0.00244867)
 [0,0.00245175)
 [0,0.00246555)
 [0,0.00249626)
 [0,0.00249867)
 [0,0.00251649)
 [0,0.00252944)
 [0,0.00256345)
 [0,0.00256523)
 [0,0.00257301)
 [0,0.00262921)
 [0,0.00266126)
 [0,0.00270738)
 [0,0.00273448)
 [0,0.00276632)
 [0,0.00278068)
 [0,0.00279666)
 [0,0.00282953)
 [0,0.00287741)
 [0,0.00293086)
 [0,0.00299001)
 [0,0.0030254)
 [0,0.00307497)
 [0,0.00307851)
 [0,0.00319154)
 [0,0.00322287)
 [0,0.0032997)
 [0,0.00330978)
 [0,0.00332403)
 [0,0.0033908)
 [0,0.00339564)
 [0,0.00343759)
 [0,0.003626)
 [0,0.00363221)
 [0,0.0036419)
 [0,0.00369582)
 [0,0.00371338)
 [0,0.00372586)
 [0,0.00379116)
 [0,0.0038151)
 [0,0.00386941)
 [0,0.00392382)
 [0,0.00403142)
 [0,0.00414488)
 [0,0.0041601)
 [0,0.00418313)
 [0,0.00419379)
 [0,0.0043133)
 [0,0.00435302)
 [0,0.00436129)
 [0,0.00437085)
 [0,0.00438062)
 [0,0.004396)
 [0,0.00442585)
 [0,0.00445628)
 [0,0.0045501)
 [0,0.00463476)
 [0,0.00485966)
 [0,0.00523152)
 [0,0.00538046)
 [0,0.00542821)
 [0,0.00566138)
 [0,0.00572717)
 [0,0.00597853)
 [0,0.00640325)
 [0,0.00701601)
 [0,0.00730844)
 [0,0.00805393)
 [0,0.00860256)
 [0,0.00878299)
 [0,0.012106)
 [0, )
